[715021696, 2575217153, 1997627650, 2005053826, 1977649925, 281476361, 2589577, 1981155731, 2940745496, 2144579353, 2975840798, 2002718369, 2924230307, 2683343524, 2762208036, 3786149, 2484059044, 271130660, 211812777, 140676520, 2150978211, 2293620524, 2949751979, 2157364398, 2134151728, 2167964723, 2028927923, 35872053, 1858955830, 2046376243, 2652544568, 1500202045, 2953025344, 2921830466, 2104888899, 2516765381, 2271754566, 339370955, 2493786960, 2129669204, 2023387093, 1624679253, 1925374043, 2240607585, 2973866723, 2216095205, 1921173107, 1845138038, 2018313466, 2670085759]
[2670085759] 0.0
[2018313466] 0.0
[1845138038] 0.0
[1921173107] 0.0
[2973866723] 0.0
[2023387093] 0.0
[2129669204] 0.0
[2516765381] 0.0
[2953025344] 0.0
[1500202045] 0.0
[2046376243] 0.0
[35872053] 0.0
[2949751979] 0.0
[2293620524] 0.0
[2150978211] 0.0
[140676520] 0.0
[271130660] 0.0
[2484059044] 0.0
[2683343524] 0.0
[2144579353] 0.0
[2104888899] 0.008
[1624679253] 0.0
[211812777] 0.0
[2762208036] 0.0
[1981155731] 0.0
[2005053826] 0.0
[1997627650, 281476361, 2271754566] 0.04
[2940745496, 2975840798, 2924230307, 3786149, 2134151728, 2167964723, 2028927923, 2652544568, 2921830466, 339370955, 2493786960, 1925374043, 2216095205] 0.54
[2240607585] 0.0
[1977649925, 2002718369] 0.024
[1858955830] 0.004
[2157364398] 0.0
[2589577] 0.0
[2575217153] 0.0
[715021696] 0.0
Club score:  0.6160000000000001


[2485633537, 177152004, 1972291593, 2661920265, 2312837134, 2165875728, 2655389208, 2158987803, 2100576291, 2130456104, 2108210217, 2097703981, 1604723759, 2313657906, 2168614452, 2006682166, 132303927, 161269817, 1889475642, 2150887997, 2004861503, 2609987651, 24574532, 2309553220, 1981209670, 2619694662, 512556102, 2093953614, 2088212047, 2443967568, 318894673, 2464094287, 2302862425, 242415709, 2161866848, 2619145315, 2128170596, 1566711909, 289005672, 167589996, 2949025389, 2595437681, 1893736562, 1537048691, 2187581557, 2032270973, 1986182274, 1572478601, 371500171, 2096859791, 2038901907, 2189262995, 2101434519, 2116681370, 168172700, 1980701853, 677722270, 2858415774, 1992641199, 2058584252, 2345664702, 1912135871, 2134439617, 2053214915, 2080686788, 2109587139, 2806907591, 2160888527, 2134498512, 2032345308, 139967712, 2098954979, 2148448995, 1111049960, 2108769517, 712415982, 2192737520, 670306551, 2209303800, 2466810105, 2584127737, 2107302653, 2296948990, 284430083, 2468960519, 1982686475, 2048266507, 2165111055, 2171367185, 1273563922, 2042048789, 2632800540, 163924767, 2063782688, 2072849696, 1691279138, 2086114595, 2169650468, 311375655, 2127973671, 2095782188, 2232397101, 2953371951, 2020289842, 1910597427, 2190151475, 2510924085, 135252792, 2118271290, 2037010747, 2882719549, 2012736320, 2105657664, 130200899, 2037866308, 2172053321, 2028784970, 2165695307, 738438988, 2308824398, 2149131086, 2330451, 2397241174, 2063114072, 2291088731, 2142689629, 1133076831, 2040186208, 1904534369, 1960353634, 2009081702, 2522648935, 2080344424, 2127243113, 2328522601, 2737211241, 2121586545, 2133066616, 662855036, 2016539005, 2162369918, 1034661245, 2041520510, 2116332931, 278754694, 2512381318, 2020781963, 1994357136, 2106500497, 1974025617, 1973162899, 2777174945, 2469499809, 1281575332, 2155890085, 36172711, 2077020583, 2103829928, 19414955, 2307616684, 2018810797, 270351283, 2420433332, 2062380982, 2160652726, 1984316343, 2618550202, 2226538938, 2736861629, 2691474368, 2135804864, 2694804417, 2955258819, 2780658116, 155277768, 2231647228, 309515214, 2550150095, 242635728, 301283286, 2122791383, 1856923607, 1982327768, 297432538, 2029583323, 101938652, 738756060, 2095381979, 2148425697, 2160774113, 2122328552, 2148550123, 2277160431, 2778121718, 2007149047, 2233962492, 2167617533]
[2167617533] 0.0
[2778121718] 0.0
[2095381979] 0.0
[2029583323] 0.0
[1982327768] 0.0
[1856923607] 0.0
[242635728] 0.0
[2550150095] 0.0
[155277768] 0.0
[2694804417] 0.0
[2135804864] 0.0
[2691474368] 0.0
[2736861629] 0.0
[2226538938] 0.0005461496450027307
[1984316343] 0.0
[2420433332] 0.0
[2103829928] 0.0
[2155890085] 0.0
[1281575332] 0.0
[1973162899] 0.0
[2106500497] 0.0
[1994357136] 0.0
[2116332931] 0.0
[2041520510] 0.0
[1034661245] 0.0
[2162369918] 0.0
[662855036] 0.0
[2121586545] 0.0
[2522648935] 0.0
[2009081702] 0.0
[1904534369] 0.0
[1133076831] 0.0
[2142689629] 0.0
[2063114072] 0.0
[2149131086] 0.0
[738438988] 0.0
[2028784970] 0.0
[2882719549] 0.0
[2037010747] 0.0
[2118271290] 0.0
[2510924085] 0.0
[2190151475] 0.0
[2953371951] 0.0
[2095782188] 0.0
[2127973671] 0.0
[311375655] 0.0
[1691279138] 0.0
[1982686475] 0.0
[2098954979] 0.0
[139967712] 0.0
[2032345308] 0.0
[2134439617] 0.0
[1986182274] 0.0
[2032270973] 0.0
[1537048691] 0.0
[1893736562] 0.0
[2949025389] 0.0
[2128170596] 0.0
[242415709] 0.0
[2464094287] 0.0
[318894673] 0.0
[2093953614] 0.0
[512556102] 0.0
[2619694662] 0.0
[132303927] 0.0
[2006682166] 0.0
[2168614452] 0.0
[1604723759, 1912135871, 2209303800, 163924767] 0.008192244675040962
[2160774113] 0.0
[2165111055] 0.0
[2512381318] 0.0
[2037866308] 0.0
[2020289842] 0.0
[2096859791] 0.0
[2595437681] 0.0
[2192737520] 0.0
[2108210217] 0.0
[2088212047, 2127243113] 0.002184598580010923
[2231647228] 0.0
[2655389208] 0.0
[2661920265] 0.0
[177152004] 0.0
[2485633537] 0.0
[1972291593, 2312837134, 2165875728, 2158987803, 2100576291, 2130456104, 2097703981, 161269817, 1889475642, 2150887997, 2004861503, 2609987651, 1981209670, 2443967568, 2302862425, 2161866848, 2619145315, 289005672, 167589996, 2187581557, 1572478601, 371500171, 2038901907, 2189262995, 2116681370, 168172700, 1980701853, 677722270, 2858415774, 1992641199, 2058584252, 2053214915, 2080686788, 2806907591, 2160888527, 2134498512, 2148448995, 1111049960, 2108769517, 712415982, 670306551, 2466810105, 2584127737, 2107302653, 2296948990, 284430083, 2468960519, 2048266507, 2171367185, 1273563922, 2632800540, 2063782688, 2072849696, 2086114595, 135252792, 2012736320, 2105657664, 130200899, 2172053321, 2165695307, 2308824398, 2330451, 2397241174, 2291088731, 2040186208, 2080344424, 2328522601, 2016539005, 278754694, 2020781963, 1974025617, 2777174945, 2469499809, 2077020583, 19414955, 2307616684, 2018810797, 270351283, 2062380982, 2160652726, 2955258819, 2780658116, 309515214, 301283286, 2122791383, 297432538, 101938652, 738756060, 2148425697, 2122328552, 2148550123, 2277160431, 2007149047, 2233962492] 0.7515019115237576
[2618550202] 0.0
[2133066616] 0.0
[1910597427] 0.0
[2313657906] 0.0
[2737211241] 0.0
[24574532] 0.0
[2109587139] 0.0
[2169650468] 0.0
[1960353634] 0.0
[2232397101] 0.0
[1566711909] 0.0
[2042048789] 0.0
[2345664702] 0.0
[2101434519] 0.0
[36172711] 0.0
[2309553220] 0.0
Club score:  0.7624249044238122


[1972291593, 2312837134, 2165875728, 2158987803, 2100576291, 2130456104, 2097703981, 161269817, 1889475642, 2150887997, 2004861503, 2609987651, 1981209670, 2443967568, 2302862425, 2161866848, 2619145315, 289005672, 167589996, 2187581557, 1572478601, 371500171, 2038901907, 2189262995, 2116681370, 168172700, 1980701853, 677722270, 2858415774, 1992641199, 2058584252, 2053214915, 2080686788, 2806907591, 2160888527, 2134498512, 2148448995, 1111049960, 2108769517, 712415982, 670306551, 2466810105, 2584127737, 2107302653, 2296948990, 284430083, 2468960519, 2048266507, 2171367185, 1273563922, 2632800540, 2063782688, 2072849696, 2086114595, 135252792, 2012736320, 2105657664, 130200899, 2172053321, 2165695307, 2308824398, 2330451, 2397241174, 2291088731, 2040186208, 2080344424, 2328522601, 2016539005, 278754694, 2020781963, 1974025617, 2777174945, 2469499809, 2077020583, 19414955, 2307616684, 2018810797, 270351283, 2062380982, 2160652726, 2955258819, 2780658116, 309515214, 301283286, 2122791383, 297432538, 101938652, 738756060, 2148425697, 2122328552, 2148550123, 2277160431, 2007149047, 2233962492]
[1972291593, 2312837134, 2165875728, 2158987803, 2100576291, 2130456104, 2097703981, 161269817, 1889475642, 2150887997, 2004861503, 2609987651, 1981209670, 2443967568, 2302862425, 2161866848, 2619145315, 289005672, 167589996, 2187581557, 1572478601, 371500171, 2038901907, 2189262995, 2116681370, 168172700, 1980701853, 677722270, 2858415774, 1992641199, 2058584252, 2053214915, 2080686788, 2806907591, 2160888527, 2134498512, 2148448995, 1111049960, 2108769517, 712415982, 670306551, 2466810105, 2584127737, 2107302653, 2296948990, 284430083, 2468960519, 2048266507, 2171367185, 1273563922, 2632800540, 2063782688, 2072849696, 2086114595, 135252792, 2012736320, 2105657664, 130200899, 2172053321, 2165695307, 2308824398, 2330451, 2397241174, 2291088731, 2040186208, 2080344424, 2328522601, 2016539005, 278754694, 2020781963, 1974025617, 2777174945, 2469499809, 2077020583, 19414955, 2307616684, 2018810797, 270351283, 2062380982, 2160652726, 2955258819, 2780658116, 309515214, 301283286, 2122791383, 297432538, 101938652, 738756060, 2148425697, 2122328552, 2148550123, 2277160431, 2007149047, 2233962492] 1.0
Club score:  1.0



[1972291593, 1572478601, 2038901907, 2042048789, 2655389208, 2116681370, 168172700, 1980701853, 2632800540, 163924767, 1604723759, 2313657906, 2020289842, 1910597427, 2006682166, 2226538938, 2618550202, 1912135871, 2012736320, 2609987651, 2037866308, 1981209670, 2806907591, 2172053321, 309515214, 2160888527, 2134498512, 301283286, 297432538, 2142689629, 2080344424, 2122328552, 2016539005, 2192737520, 2133066616, 2007149047, 2209303800, 2107302653]
[2142689629] 0.0
[2806907591, 309515214, 2080344424] 0.020833333333333332
[2133066616] 0.0
[2618550202] 0.0
[2226538938] 0.0023148148148148147
[2006682166] 0.0
[1910597427] 0.0
[2313657906] 0.0
[163924767, 1604723759, 1912135871, 2209303800] 0.034722222222222224
[2192737520] 0.0
[2037866308] 0.0
[2020289842] 0.0
[2655389208] 0.0
[1972291593, 1572478601, 2038901907, 2116681370, 168172700, 1980701853, 2632800540, 2012736320, 2609987651, 1981209670, 2172053321, 2160888527, 2134498512, 301283286, 297432538, 2122328552, 2016539005, 2007149047, 2107302653] 0.6875
[2042048789] 0.0
Club score:  0.7453703703703703
