1. {2263019976, 2111600720, 2000897436, 2492219974, 2078517239}
2. {2167366370, 2086475204, 2096029477, 2239053892, 2806907591, 1531155176, 2080344424, 2141705163, 2232397101, 2292250447, 2171234738, 2165137138, 92438100, 1484279603, 1518321175, 2073631992, 278177626, 2169901821}
3. {2215287472, 2162041713, 2764080610, 2570998045, 2120617359}
4. {2421806728, 2144812577, 53095697, 1996300375}
5. {2133637394, 2808359499, 2610173108, 2064694021}
6. {2012736320, 2072849696, 284430083, 1281575332, 2522648935, 2130456104, 2077020583, 2443967568, 1974025617, 2032345308, 2187581557, 2209303800, 1889475642, 2037010747, 2233962492, 2162369918}
7. {2122471237, 1976640904, 2614350313, 2063882350, 2619985137, 2101922781, 2306900094}
8. {2136887138, 2216095205, 2137130951, 2303602861, 2127665774, 2549425869, 2163850232, 2104546489, 2717681854, 2146664798}
9. {715021696, 2409260842, 2012385898, 2148168557, 2137603918, 2234508751, 2099647344, 2148022289, 2129170864, 2037585042, 2417153716, 2074453466, 2033403132}
10. {229038272, 2165788238, 2589844882, 2151859571, 2462785460, 2524462901, 2100565365, 2704209241, 2116323195, 243317564, 2193999452}
11. {2955258819, 1963576484, 130200899, 278754694, 712415982, 2397241174, 2160652726, 161269817, 2058584252, 2016539005}
12. {2189683265, 2136132740, 657437189, 324225515, 2130148372, 2011819992}
13. {2035876866, 2116836739, 2130181892, 2300711308, 2700953612, 2110501006, 2583656720, 2162752662, 2120348443, 2140714400, 2138722980, 2113276713, 2135302315, 2130712876, 2598605361, 2119739827, 2141326772, 2127632057, 2165888709, 2168176072, 2114357324, 2157689689, 2591117145, 2155265242, 2396073053, 2118530536, 2108673390, 2110230645, 2126599162}
14. {3005552192, 3006650842, 3006113260, 3005671901, 3006626223}
15. {2252852592, 2158620633, 2118479066, 2192679303}
16. {2298166661, 2163216773, 2498491921, 2717986583, 2944302109, 2121310506, 2221257390, 2289542319, 90224947, 2145260995, 2018227268, 1982785356, 2152194765, 2015383761, 1908865110, 2510858842, 72441953, 2123304929, 1526086892, 2221004268, 1995962232, 2435751034}
17. {1977649925, 2468960519, 1972291593, 1572478601, 2048266507, 2171367185, 2038901907, 2042048789, 2285762679, 2158987803, 168172700, 1980701853, 2086114595, 2099091510, 2062380982, 2279633593, 2150887997, 2609987651, 2165695307, 2093953614, 60139091, 2330451, 2113868374, 2122791383, 297432538, 2148448995, 2122328552, 289005672, 167589996, 670306551, 2584127737, 251023228, 2107302653, 2296948990}
18. {2142518979, 351197510, 2121178374, 2438699337, 2171713006, 2305755055, 2250998000, 2419457631}
19. {1533552536, 2425213602, 2126011899, 1968325213}
20. {2082304995, 2128935492, 2663593097, 2103752940, 2303367283, 2807669465, 2173646266, 51820894}
21. {2132891653, 2328658054, 2155579207, 2141663339, 1264356972, 2312000221}
22. {2953025344, 2484059044, 2134151728, 2028927923, 2652544568, 1925374043}
23. {4651849, 271970670, 2072240339, 1823252276, 2600952536, 2619192764}
24. {2467740887, 85537834, 2466987623, 2286931549, 2101964938}
25. {2029196934, 2076429416, 2107833897, 2117210965, 971226294, 2060257498}
26. {1624046946, 2003540582, 2065379623, 2511882603, 1900016303, 2951126644, 179778838, 2344754685}
27. {2134830209, 2168485313, 2304993124, 2150814284, 2181724469, 2291132764, 2042309534}
28. {2477293048, 2066523793, 2123646430, 2111678102}
29. {2160942610, 2035978339, 1966735589, 2115109986, 2034830207}
30. {2049499784, 1986033680, 2515560682, 2163103719}
31. {2493786960, 2940745496, 2167964723, 3786149, 2924230307}
32. {158112612, 131065259, 254054780, 18953175}
33. {57053632, 254766753, 2129867074, 2108011552, 2968337513}
