[2226538938] ~ 1 ~ 0.000999000999000999
[1604723759, 1912135871, 2209303800, 163924767] ~ 4 ~ 0.014985014985014986
[2312837134, 2130456104, 161269817, 1889475642, 2150887997, 2004861503, 2609987651, 1981209670, 2443967568, 2302862425, 2161866848, 2187581557, 1572478601, 371500171, 2038901907, 2189262995, 2116681370, 168172700, 1980701853, 2058584252, 2053214915, 2080686788, 2806907591, 2160888527, 2134498512, 1111049960, 712415982, 670306551, 2107302653, 284430083, 2632800540, 2072849696, 2012736320, 2105657664, 130200899, 2172053321, 2308824398, 2397241174, 2291088731, 2080344424, 2328522601, 2016539005, 278754694, 2020781963, 1974025617, 2077020583, 2018810797, 270351283, 2160652726, 2955258819, 2780658116, 309515214, 2122791383, 101938652, 2148425697, 2122328552, 2277160431, 2007149047, 2233962492] ~ 59 ~ 0.7032967032967034
[2285762679, 251023228] ~ 2 ~ 0.00667779632721202
[2088212047, 2127243113] ~ 2 ~ 0.00667779632721202
[2584127737, 2048266507] ~ 2 ~ 0.00667779632721202
[1972291593, 2165875728, 2097703981, 2619145315, 289005672, 167589996, 2858415774, 677722270, 1992641199, 2148448995, 2296948990, 2468960519, 2171367185, 1273563922, 2063782688, 2086114595, 135252792, 2165695307, 2330451, 2040186208, 2777174945, 2062380982, 301283286, 297432538, 738756060, 2148550123] ~ 26 ~ 0.7579298831385642
[2129867074] ~ 1 ~ 0.004672897196261682
[2150814284, 2181724469, 2042309534] ~ 3 ~ 0.04205607476635514
[2169363483, 2108011552, 2165788238, 254766753, 229038272, 2139423477, 2524462901, 243317564, 2704209241, 2100565365, 2116323195, 2589844882, 2230249395, 2462785460, 57053632] ~ 15 ~ 0.5186915887850467
[2005577924] ~ 1 ~ 0.0019157088122605363
[2121236236, 2012499344] ~ 2 ~ 0.007662835249042145
[2206712854, 1518321175, 288626473, 2171234738, 1484279603, 259249205, 2073631992, 2239053892, 2470363587, 2086475204, 2692458818, 2292250447, 92438100, 2007049433, 278177626, 2074453466, 2715690588, 2303156069, 1531155176, 20281835, 136708976, 1770329841, 274891381, 2279407096, 2129072251] ~ 25 ~ 0.6187739463601533
[1979429815] ~ 1 ~ 0.05263157894736842
[1764448532, 2162740804] ~ 2 ~ 0.10526315789473684
[2239241780] ~ 1 ~ 0.02631578947368421
[2035876866, 2045157892, 2700953612, 2110501006, 1986033680, 2148022289, 2656283669, 2101279140, 2497095473, 2683781446, 2168176072, 2137603918, 2104512981, 2396073053, 2163103719] ~ 15 ~ 0.911504424778761
[279168326] ~ 1 ~ 0.009433962264150943
[2107142044, 2300062457] ~ 2 ~ 0.03773584905660377
[2010238386] ~ 1 ~ 0.009433962264150943
[2035224764] ~ 1 ~ 0.009433962264150943
[2117499156, 2264677196, 2035346540] ~ 3 ~ 0.12264150943396226
[136888070, 2158932634, 131186531] ~ 3 ~ 0.09433962264150944
[2141705163] ~ 1 ~ 0.75
[2493313805, 2125069230, 2105620155, 2212399178] ~ 4 ~ 0.4423076923076923
[2295314820, 2781013714] ~ 2 ~ 0.09615384615384616
[2674416884] ~ 1 ~ 0.005076142131979695
[1987609480] ~ 1 ~ 0.005076142131979695
[2155579207, 2312000221, 2141663339, 1264356972] ~ 4 ~ 0.07106598984771574
[1976640904, 2036853455, 2101922781, 2614350313, 2619985137, 2791575804, 2306900094] ~ 7 ~ 0.36548223350253806
[284171264, 2152206228, 2169305403, 2014991465] ~ 4 ~ 0.3
[2104888899] ~ 1 ~ 0.008
[1997627650, 281476361, 2271754566] ~ 3 ~ 0.04
[2940745496, 2975840798, 2924230307, 3786149, 2134151728, 2167964723, 2028927923, 2652544568, 2921830466, 339370955, 2493786960, 1925374043, 2216095205] ~ 13 ~ 0.54
[1977649925, 2002718369] ~ 2 ~ 0.024
[1858955830] ~ 1 ~ 0.004
[2764080610, 2120617359, 2215287472, 2570998045] ~ 4 ~ 0.4583333333333333
[2111596939, 2717986583, 2944302109, 2114921128, 2121310506, 2221257390, 2289542319, 90224947, 2145260995, 1982785356, 60139091, 2510858842, 691479014, 2138495596, 1995962232, 2435751034] ~ 16 ~ 0.7425149700598802
[659530374] ~ 1 ~ 0.005988023952095809
[211780538] ~ 1 ~ 0.017241379310344827
[1849627065] ~ 1 ~ 0.017241379310344827
[2108362240, 2259645355, 2305755055, 351197510, 2438699337, 2143448784] ~ 6 ~ 0.6724137931034483
[2037585042, 2019029176, 2143603016, 2234508751, 2148168557, 2033403132] ~ 6 ~ 0.5263157894736842
[2031945151, 2191276622] ~ 2 ~ 0.21052631578947367
[2112859155, 1354816936] ~ 2 ~ 0.21052631578947367
[2015383761] ~ 1 ~ 0.0038461538461538464
[2704475440] ~ 1 ~ 0.0038461538461538464
[1954261512, 2137814887] ~ 2 ~ 0.019230769230769232
[2159031116] ~ 1 ~ 0.0038461538461538464
[664231056, 2252608274, 2225638692, 131065259, 2136162111, 2179769924, 1735999048, 2175232850, 80220757, 18953175, 2103969243, 1983098590, 2792877023, 158112612, 254054780] ~ 15 ~ 0.4307692307692308
[149889958, 2158816953, 2061803331, 2100767082] ~ 4 ~ 0.23076923076923078
[2171539438] ~ 1 ~ 0.015384615384615385
[2780916045] ~ 1 ~ 0.015384615384615385
[2101964938, 85537834, 2467740887, 2286931549] ~ 4 ~ 0.43636363636363634
[179778838, 2065379623, 1900016303, 2167697970, 1624046946, 2003540582, 2511882603, 2951126644, 2344754685] ~ 9 ~ 0.6585365853658537
[1221219011] ~ 1 ~ 0.004878048780487805
[2192679303, 2158620633, 2118479066, 2252852592] ~ 4 ~ 1.0
[327757988, 2066665679, 2216252091, 2139723518] ~ 4 ~ 0.5
[2000897436, 2492219974, 2263019976, 2111600720, 2078517239] ~ 5 ~ 0.43103448275862066
[2109513205] ~ 1 ~ 0.034482758620689655
[2169342471] ~ 1 ~ 0.08333333333333333
[1748740921, 2213515591, 2090152442] ~ 3 ~ 0.0759493670886076
[2130148372, 2069025853, 2011819992, 2125917816] ~ 4 ~ 0.16455696202531644
[2136132740, 657437189] ~ 2 ~ 0.10126582278481013
[2099325229] ~ 1 ~ 0.012658227848101266
[2116333191] ~ 1 ~ 0.05555555555555555
[1963576484] ~ 1 ~ 0.023255813953488372
[2076579854, 2124413231, 2128721840] ~ 3 ~ 0.4186046511627907
[2128194479, 2123836521] ~ 2 ~ 0.26666666666666666
[707607996] ~ 1 ~ 0.06666666666666667
[2135552316] ~ 1 ~ 0.16666666666666666
[2151930756] ~ 1 ~ 0.05555555555555555
[2128935492, 51820894, 2082304995] ~ 3 ~ 0.1232876712328767
[1895868705] ~ 1 ~ 0.0136986301369863
[2111015811, 2079889949, 2010276254, 37742912] ~ 4 ~ 0.4931506849315068
[2717681854, 2146664798, 2127665774] ~ 3 ~ 0.5102040816326531
[2779740822, 270055802, 2096912509] ~ 3 ~ 0.24
[2021268131] ~ 1 ~ 0.04
[2318147181] ~ 1 ~ 0.5
[2581961543, 2162262477] ~ 2 ~ 0.16
[2116537159] ~ 1 ~ 0.04
[2468122884] ~ 1 ~ 0.04
[2029196934, 2076429416, 2107833897, 2167354121, 2164775409, 1794038515, 2117210965, 971226294, 2060257498, 2151570909, 2102688157] ~ 11 ~ 0.8775510204081632
[48369249] ~ 1 ~ 0.0625
[2224270997] ~ 1 ~ 0.03125
[2117105010] ~ 1 ~ 0.16666666666666666
[2024443744] ~ 1 ~ 0.16666666666666666
[2230056477] ~ 1 ~ 0.16666666666666666
[307521372] ~ 1 ~ 0.125
[2103291335, 2286237009, 2066523793, 2111678102, 2477293048] ~ 5 ~ 0.36065573770491804
[108406206, 2112374662, 2096910461] ~ 3 ~ 0.3442622950819672
[2521254510, 2062859054] ~ 2 ~ 0.75
[1973314746, 2119538990] ~ 2 ~ 0.4444444444444444
[2293981250, 2652508295, 2155114799] ~ 3 ~ 0.375
