pcc:  {1981638017, 2092877580, 1206765324, 2167404190, 328186532, 2806643110, 2279749166, 2064984895, 2157112897, 2079978182, 16705875, 2068608856, 243981275, 1389458012, 246708073, 2032102379, 2115118701, 2104401652, 2086040183}  size:  19
SCC:
[2104401652] 0.0
[2115118701] 0.0
[2032102379] 0.0
[1389458012] 0.0
[243981275] 0.0
[2068608856] 0.0
[2079978182] 0.0
[2157112897] 0.0
[2086040183] 0.0
[246708073] 0.0
[16705875] 0.0
[2064984895] 0.0
[2279749166] 0.0
[2806643110] 0.0
[328186532] 0.0
[2167404190] 0.0
[1206765324] 0.0
[2092877580] 0.0
[1981638017] 0.0
total score: 0.0

pcc:  {2051956577, 2284344707, 2238283877, 1964253561, 1276936747, 1974981292, 2006356947, 2170869525, 356610775, 1999489753, 1993323803, 2203547071}  size:  12
SCC:
total score: 0

pcc:  {2140912314, 2142350131, 2155100047}  size:  3
SCC:
total score: 0

pcc:  {2488380484, 2893075845, 134133163, 2167622574, 2156474971}  size:  5
SCC:
total score: 0

pcc:  {2279725060, 2116333191, 55380488, 2234086281, 1902127369, 52482323, 2102101654, 2010648985, 1845223583, 2620408480, 2137543585, 2560534435, 1902942371, 1226131238, 2038319787, 1044551098, 2509566910, 2504896833, 1278721609, 2780297547, 2127322060, 1448039523, 1983134822, 1981435375, 2973354483, 2016079220, 1968686581, 2114318968, 2143118458, 2179953790}  size:  30
SCC:
[2179953790] 0.0
[2143118458] 0.0
[2016079220] 0.0
[2973354483] 0.0
[1981435375] 0.0
[1983134822] 0.0
[1448039523] 0.0
[2127322060] 0.0
[2780297547] 0.0
[1278721609] 0.0
[2504896833] 0.0
[2509566910] 0.0
[1044551098] 0.0
[2038319787] 0.0
[1226131238] 0.0
[1902942371] 0.0
[2560534435] 0.0
[2137543585] 0.0
[2620408480] 0.0
[1845223583] 0.0
[2010648985] 0.0
[2102101654] 0.0
[52482323] 0.0
[1902127369] 0.0
[2234086281] 0.0
[55380488] 0.0
[2279725060] 0.0
[2116333191] 0.05555555555555555
[2114318968] 0.0
[1968686581] 0.0
total score: 0.05555555555555555

pcc:  {2154019360, 1198110563, 2169342471, 2546028236, 2749203917, 2476938860, 2078733490, 2279633593, 1994434233, 68611093, 2113868374, 2099091510, 2124668569, 2103844955, 2272469598}  size:  15
SCC:
[2272469598] 0.0
[2099091510] 0.0
[2113868374] 0.0
[68611093] 0.0
[2279633593] 0.0
[2124668569] 0.0
[2476938860] 0.0
[2749203917] 0.0
[2546028236] 0.0
[1198110563] 0.0
[2154019360] 0.0
[2169342471] 0.08333333333333333
[2103844955] 0.0
[1994434233] 0.0
[2078733490] 0.0
total score: 0.08333333333333333

pcc:  {48369249, 2041064612, 1986208804, 2110170743, 325195402, 2093264594, 1977535315, 2224270997, 2242916949, 2111634167, 2506598906, 2119837755, 2037745951}  size:  13
SCC:
[2110170743] 0.0
[2242916949] 0.0
[2093264594] 0.0
[2111634167] 0.0
[1986208804] 0.0
[2041064612] 0.0
[48369249] 0.0625
[2037745951] 0.0
[2119837755] 0.0
[2506598906] 0.0
[2224270997] 0.03125
[1977535315] 0.0
[325195402] 0.0
total score: 0.09375

pcc:  {1920478529, 707865762, 2163446563, 1991131908, 307521372, 2098111081, 2153118160, 1975069521, 2156226897, 2126237948, 1524560149, 2776434807, 2292299320, 2165714491, 2158135548}  size:  15
SCC:
[2165714491] 0.0
[2292299320] 0.0
[2776434807] 0.0
[2126237948] 0.0
[1524560149] 0.0
[2156226897] 0.0
[1975069521] 0.0
[2153118160] 0.0
[307521372] 0.125
[2158135548] 0.0
[2098111081] 0.0
[1991131908] 0.0
[2163446563] 0.0
[707865762] 0.0
[1920478529] 0.0
total score: 0.125

pcc:  {2562639649, 2117105010, 2121806443, 694839594}  size:  4
SCC:
[2121806443] 0.0
[2562639649] 0.0
[2117105010] 0.16666666666666666
[694839594] 0.0
total score: 0.16666666666666666

pcc:  {1994240001, 2132618373, 2117656073, 2556717708, 1810360850, 1764448532, 2171819543, 1973210777, 2145928477, 277843997, 36286238, 2700151585, 2464448550, 2223736107, 2096887853, 2256905521, 2239241780, 2066975796, 282980150, 1979429815, 2566460218, 1247940802, 2148142019, 2162740804, 2778630342, 184409032, 2004878410, 2706440653, 2304140494, 2470180175, 134769616, 2111406810, 2096599005, 2079278047, 1220761185, 2135215972, 2151014374, 2105735912, 39115121, 2538077558, 2122268670, 610644735}  size:  42
SCC:
[610644735] 0.0
[2105735912] 0.0
[2096599005] 0.0
[2111406810] 0.0
[2470180175] 0.0
[2304140494] 0.0
[2706440653] 0.0
[2004878410] 0.0
[184409032] 0.0
[2778630342] 0.0
[2148142019] 0.0
[2566460218] 0.0
[282980150] 0.0
[2066975796] 0.0
[2096887853] 0.0
[2122268670] 0.0
[2151014374] 0.0
[1220761185] 0.0
[1979429815] 0.05263157894736842
[39115121] 0.0
[2079278047] 0.0
[2223736107] 0.0
[2464448550] 0.0
[2700151585] 0.0
[36286238] 0.0
[2145928477] 0.0
[277843997] 0.0
[1973210777] 0.0
[1764448532, 2162740804] 0.10526315789473684
[2538077558] 0.0
[2135215972] 0.0
[134769616] 0.0
[1247940802] 0.0
[2256905521] 0.0
[2171819543] 0.0
[1810360850] 0.0
[2556717708] 0.0
[2117656073] 0.0
[2132618373] 0.0
[2239241780] 0.02631578947368421
[1994240001] 0.0
total score: 0.18421052631578946

pcc:  {2151930756, 2511339495, 1294330762, 2027870957, 1982179918, 2011097358, 2541919533, 2013928370, 2127391507, 2135552316, 2122007671, 2467614072, 1989084025, 1988337178, 2130015035, 2032008572}  size:  16
SCC:
[2130015035] 0.0
[1988337178] 0.0
[2467614072] 0.0
[2127391507] 0.0
[2541919533] 0.0
[2011097358] 0.0
[1982179918] 0.0
[2135552316] 0.16666666666666666
[1989084025] 0.0
[2122007671] 0.0
[2032008572] 0.0
[1294330762] 0.0
[2511339495] 0.0
[2151930756] 0.05555555555555555
[2013928370] 0.0
[2027870957] 0.0
total score: 0.2222222222222222

pcc:  {2627107713, 2132470913, 2468122884, 2112974599, 2310920583, 2139654925, 2295091982, 2130993935, 2167125010, 2098400666, 2579924890, 2157308062, 2139508905, 2686488618, 2138877871, 2301389880, 2303998404, 2116537159, 2721922248, 2581961543, 2142947146, 2162262477, 2677425751, 2098684391, 2658407528, 2065634026, 2420008042, 2551687923}  size:  28
SCC:
[2551687923] 0.0
[2420008042] 0.0
[2065634026] 0.0
[2098684391] 0.0
[2677425751] 0.0
[2142947146] 0.0
[2581961543, 2162262477] 0.16
[2658407528] 0.0
[2721922248] 0.0
[2303998404] 0.0
[2301389880] 0.0
[2138877871] 0.0
[2686488618] 0.0
[2139508905] 0.0
[2157308062] 0.0
[2579924890] 0.0
[2098400666] 0.0
[2167125010] 0.0
[2116537159] 0.04
[2130993935] 0.0
[2295091982] 0.0
[2139654925] 0.0
[2112974599] 0.0
[2310920583] 0.0
[2468122884] 0.04
[2132470913] 0.0
[2627107713] 0.0
total score: 0.24000000000000002

pcc:  {2104641164, 2102611474, 1984832408, 102660889, 2114963871, 149889958, 2342852903, 2250492455, 2070867630, 2158816953, 2402050362, 2147114560, 2061803331, 2780916045, 2200264148, 2770713813, 2137000917, 2000740313, 2100767082, 2171539438, 2145458672, 2151224058}  size:  22
SCC:
[2151224058] 0.0
[2145458672] 0.0
[2137000917] 0.0
[2200264148] 0.0
[2147114560] 0.0
[2070867630] 0.0
[2250492455] 0.0
[2342852903] 0.0
[2114963871] 0.0
[2102611474] 0.0
[149889958, 2158816953, 2061803331, 2100767082] 0.23076923076923078
[2000740313] 0.0
[2770713813] 0.0
[1984832408] 0.0
[2402050362] 0.0
[2104641164] 0.0
[2171539438] 0.015384615384615385
[102660889] 0.0
[2780916045] 0.015384615384615385
total score: 0.26153846153846155

pcc:  {2673157249, 2021268131, 241780900, 2120897639, 2002360971, 2513162093, 2296729424, 2029488433, 233042646, 1942880919, 2161437206, 2779740822, 270055802, 2806801915, 2096912509, 2114965150, 724299231}  size:  17
SCC:
[724299231] 0.0
[2114965150] 0.0
[2806801915] 0.0
[2161437206] 0.0
[1942880919] 0.0
[2029488433] 0.0
[2296729424] 0.0
[2513162093] 0.0
[2002360971] 0.0
[2120897639] 0.0
[2779740822, 270055802, 2096912509] 0.24
[233042646] 0.0
[241780900] 0.0
[2021268131] 0.04
[2673157249] 0.0
total score: 0.27999999999999997

pcc:  {2155193350, 136888070, 2044129544, 2304713483, 2570615947, 2117499156, 2395024022, 2627995287, 2514263958, 2279335322, 2158932634, 2107142044, 1517651870, 2503171999, 2279520417, 2122351653, 2250300074, 2097306286, 2010238386, 2505588532, 2178816185, 617670330, 2035224764, 2467733054, 315739715, 2018227268, 2718747388, 279168326, 2090128582, 2238207816, 2106882380, 2167134412, 2264677196, 2261367123, 2569207891, 247755989, 2195050966, 2139177686, 297118547, 164824025, 2189524569, 2479480413, 2285060831, 2937705183, 2114683746, 131186531, 2401433957, 2615464551, 2035346540, 1313188078, 2659318511, 2226262640, 2198766192, 2280654194, 2198983026, 2680176243, 2152814967, 2300062457, 1878631932, 2003576574}  size:  60
SCC:
[2003576574] 0.0
[2718747388] 0.0
[2152814967] 0.0
[2680176243] 0.0
[2198983026] 0.0
[2280654194] 0.0
[2226262640] 0.0
[1313188078] 0.0
[2114683746] 0.0
[2479480413] 0.0
[2189524569] 0.0
[2139177686] 0.0
[2195050966] 0.0
[247755989] 0.0
[2569207891] 0.0
[2261367123] 0.0
[2167134412] 0.0
[2106882380] 0.0
[2238207816] 0.0
[2090128582] 0.0
[2018227268] 0.0
[315739715] 0.0
[2467733054] 0.0
[2178816185] 0.0
[2505588532] 0.0
[2097306286] 0.0
[279168326] 0.009433962264150943
[2250300074] 0.0
[2122351653] 0.0
[1517651870] 0.0
[1878631932] 0.0
[2279335322] 0.0
[2514263958] 0.0
[2395024022] 0.0
[2570615947] 0.0
[2010238386] 0.009433962264150943
[2198766192] 0.0
[297118547] 0.0
[2304713483] 0.0
[2107142044, 2300062457] 0.03773584905660377
[2044129544] 0.0
[2035224764] 0.009433962264150943
[2659318511] 0.0
[2615464551] 0.0
[2401433957] 0.0
[2937705183] 0.0
[617670330] 0.0
[2117499156, 2264677196, 2035346540] 0.12264150943396226
[2285060831] 0.0
[2279520417] 0.0
[2503171999] 0.0
[2627995287] 0.0
[136888070, 2158932634, 131186531] 0.09433962264150944
[164824025] 0.0
[2155193350] 0.0
total score: 0.28301886792452835

pcc:  {284171264, 2035755270, 2892669962, 2152206228, 2048157592, 178451354, 340253981, 2936723753, 2121178673, 2149341496, 729227961, 2169305403, 2492472387, 2637284424, 2070296011, 2936186189, 2113956430, 2170576845, 2138531792, 2503966811, 1984940772, 2014991465, 2112027886, 2011562607, 2006674552, 395389946}  size:  26
SCC:
[395389946] 0.0
[2006674552] 0.0
[2011562607] 0.0
[2112027886] 0.0
[1984940772] 0.0
[2503966811] 0.0
[2138531792] 0.0
[2170576845] 0.0
[2113956430] 0.0
[2936186189] 0.0
[2070296011] 0.0
[729227961] 0.0
[2149341496] 0.0
[2121178673] 0.0
[2936723753] 0.0
[340253981] 0.0
[178451354] 0.0
[2048157592] 0.0
[2892669962] 0.0
[2035755270] 0.0
[284171264, 2152206228, 2169305403, 2014991465] 0.3
[2637284424] 0.0
[2492472387] 0.0
total score: 0.3

pcc:  {2049499784, 2498847882, 1562323604, 2144493081, 2154201502, 2118732703, 115692453, 2128194479, 2371394552, 2079517499, 707607996, 2953384126, 2250302659, 2198634693, 37233224, 2723044683, 2162038100, 2136520929, 2123836521, 2003907699, 146839028, 206561400, 2050254073, 2059590781}  size:  24
SCC:
[2059590781] 0.0
[2050254073] 0.0
[2371394552] 0.0
[146839028] 0.0
[206561400] 0.0
[2162038100] 0.0
[2723044683] 0.0
[37233224] 0.0
[2198634693] 0.0
[2953384126] 0.0
[2079517499] 0.0
[2128194479, 2123836521] 0.26666666666666666
[2136520929] 0.0
[115692453] 0.0
[2118732703] 0.0
[2154201502] 0.0
[707607996] 0.06666666666666667
[2250302659] 0.0
[2144493081] 0.0
[1562323604] 0.0
[2498847882] 0.0
[2003907699] 0.0
[2049499784] 0.0
total score: 0.3333333333333333

pcc:  {2024443744, 639666141, 2701928467, 2135968533, 1202501558, 2974837910, 2468182140, 2230056477}  size:  8
SCC:
[639666141] 0.0
[2468182140] 0.0
[1202501558] 0.0
[2135968533] 0.0
[2701928467] 0.0
[2024443744] 0.16666666666666666
[2974837910] 0.0
[2230056477] 0.16666666666666666
total score: 0.3333333333333333

pcc:  {2136132740, 657437189, 2129721733, 2309194119, 2378943246, 2111799824, 2152129939, 2130148372, 162253719, 2154645919, 1932791462, 1767982378, 2099325229, 2597470647, 1748740921, 2133778237, 2069025853, 193620349, 2044205123, 2213515591, 268424907, 2164572878, 2221300944, 2288456018, 2112909399, 2011819992, 2154903899, 2111193824, 2142033125, 2169745382, 324225515, 730122487, 2125917816, 2090152442, 2043615867, 2237113085}  size:  36
SCC:
[193620349] 0.0
[2043615867] 0.0
[730122487] 0.0
[324225515] 0.0
[2169745382] 0.0
[2111193824] 0.0
[2288456018] 0.0
[2164572878] 0.0
[268424907] 0.0
[2044205123] 0.0
[1748740921, 2213515591, 2090152442] 0.0759493670886076
[2133778237] 0.0
[2597470647] 0.0
[1767982378] 0.0
[1932791462] 0.0
[2154645919] 0.0
[162253719] 0.0
[2130148372, 2069025853, 2011819992, 2125917816] 0.16455696202531644
[2154903899] 0.0
[2152129939] 0.0
[2111799824] 0.0
[2378943246] 0.0
[2237113085] 0.0
[2309194119] 0.0
[2129721733] 0.0
[2136132740, 657437189] 0.10126582278481013
[2142033125] 0.0
[2112909399] 0.0
[2221300944] 0.0
[2099325229] 0.012658227848101266
total score: 0.35443037974683544

pcc:  {2293981250, 2112810595, 2652508295, 2490485741, 2155114799, 2142025243, 2495566078}  size:  7
SCC:
[2142025243] 0.0
[2293981250, 2652508295, 2155114799] 0.375
[2495566078] 0.0
[2490485741] 0.0
[2112810595] 0.0
total score: 0.375

pcc:  {2060378757, 2143047568, 2112859155, 2603014296, 2116484384, 1171453863, 1354816936, 2584726834, 2095215669, 2096884534, 341386165, 1617862073, 2031945151, 215131072, 2137074633, 2305923531, 2470130636, 2191276622, 2074451410, 2302541017, 2665135325, 2014508897, 563069026, 1994620265, 2120044660, 2110299510}  size:  26
SCC:
[2110299510] 0.0
[2120044660] 0.0
[1994620265] 0.0
[2014508897] 0.0
[2665135325] 0.0
[2302541017] 0.0
[2074451410] 0.0
[2470130636] 0.0
[2305923531] 0.0
[2137074633] 0.0
[2031945151, 2191276622] 0.21052631578947367
[563069026] 0.0
[215131072] 0.0
[1617862073] 0.0
[341386165] 0.0
[2096884534] 0.0
[2095215669] 0.0
[2584726834] 0.0
[1171453863] 0.0
[2116484384] 0.0
[2112859155, 1354816936] 0.21052631578947367
[2603014296] 0.0
[2143047568] 0.0
[2060378757] 0.0
total score: 0.42105263157894735

pcc:  {2466987623, 2493846535, 2101964938, 85537834, 2211520751, 99325522, 2085767126, 2467740887, 2286931549}  size:  9
SCC:
[2085767126] 0.0
[99325522] 0.0
[2466987623] 0.0
[2493846535] 0.0
[2101964938, 85537834, 2467740887, 2286931549] 0.43636363636363634
[2211520751] 0.0
total score: 0.43636363636363634

pcc:  {2468049152, 1963576484, 2496948775, 2241827754, 2076579854, 2124413231, 2128721840, 2207613680, 2271586418, 2134269139, 2633987352, 2507508090, 2130645691, 2126473756, 2120934782}  size:  15
SCC:
[2120934782] 0.0
[2126473756] 0.0
[2130645691] 0.0
[2507508090] 0.0
[2633987352] 0.0
[2134269139] 0.0
[2271586418] 0.0
[2241827754] 0.0
[2496948775] 0.0
[1963576484] 0.023255813953488372
[2468049152] 0.0
[2076579854, 2124413231, 2128721840] 0.4186046511627907
[2207613680] 0.0
total score: 0.4418604651162791

pcc:  {2111263976, 1973314746, 2119538990, 2289425551}  size:  4
SCC:
[2111263976] 0.0
[1973314746, 2119538990] 0.4444444444444444
[2289425551] 0.0
total score: 0.4444444444444444

pcc:  {2154409344, 2797013379, 2132891653, 2328658054, 2143166727, 1987609480, 1976640904, 2514783114, 1991626505, 2517189263, 2095669906, 2105279251, 2915776662, 2699539735, 2707739930, 2103999387, 2633818787, 160571302, 298237991, 2426402601, 2045340971, 2160207663, 2052189873, 2751828274, 2102454835, 2986899380, 297038259, 1966126136, 148197049, 2104185790, 2432732352, 2619064001, 2101048513, 2491881922, 2158078532, 2122471237, 2591388101, 2155579207, 2530970829, 2036853455, 1454679632, 2150351570, 2778106710, 2306158810, 2285816794, 2761278044, 2312000221, 2101922781, 2062090202, 1260688485, 2614350313, 2141663339, 1264356972, 2063882350, 2619985137, 2674416884, 2101509626, 47705723, 2791575804, 2306900094}  size:  60
SCC:
[2063882350] 0.0
[1260688485] 0.0
[2062090202] 0.0
[2285816794] 0.0
[2778106710] 0.0
[2150351570] 0.0
[1454679632] 0.0
[2530970829] 0.0
[2591388101] 0.0
[2122471237] 0.0
[2158078532] 0.0
[2491881922] 0.0
[2101048513] 0.0
[2619064001] 0.0
[2432732352] 0.0
[2104185790] 0.0
[148197049] 0.0
[1966126136] 0.0
[2986899380] 0.0
[2102454835] 0.0
[2751828274] 0.0
[2160207663] 0.0
[2426402601] 0.0
[298237991] 0.0
[160571302] 0.0
[2633818787] 0.0
[2103999387] 0.0
[2707739930] 0.0
[2699539735] 0.0
[2915776662] 0.0
[2105279251] 0.0
[2095669906] 0.0
[2674416884] 0.005076142131979695
[2101509626] 0.0
[2045340971] 0.0
[2517189263] 0.0
[1991626505] 0.0
[2514783114] 0.0
[2143166727] 0.0
[1987609480] 0.005076142131979695
[2052189873] 0.0
[2328658054] 0.0
[2132891653] 0.0
[2155579207, 2312000221, 2141663339, 1264356972] 0.07106598984771574
[2306158810] 0.0
[2797013379] 0.0
[2154409344] 0.0
[1976640904, 2036853455, 2101922781, 2614350313, 2619985137, 2791575804, 2306900094] 0.36548223350253806
[47705723] 0.0
[2761278044] 0.0
[297038259] 0.0
total score: 0.4467005076142132

pcc:  {156417696, 2764080610, 1980028159, 1970912646, 2080198120, 1569549514, 2281680109, 2120617359, 2215287472, 2162041713, 2133447601, 2570998045, 2122006335}  size:  13
SCC:
[2162041713] 0.0
[1569549514] 0.0
[1970912646] 0.0
[2080198120] 0.0
[2764080610, 2120617359, 2215287472, 2570998045] 0.4583333333333333
[1980028159] 0.0
[2122006335] 0.0
[2133447601] 0.0
[2281680109] 0.0
[156417696] 0.0
total score: 0.4583333333333333

pcc:  {2267188738, 2163216773, 1972582278, 1954261512, 120466312, 251052554, 2141904778, 2136626448, 664231056, 2252608274, 2160942610, 2024621201, 66742930, 2686305946, 1769445404, 2033534366, 2964741150, 2437776675, 2225638692, 2566124581, 2106676007, 131065259, 2704475440, 663426097, 2550850099, 2619714229, 2126082358, 409595830, 1483583928, 2276738233, 2136162111, 2106120769, 2179769924, 1735999048, 2159031116, 2171087181, 1977456590, 2082894032, 2015383761, 2175232850, 2092672596, 80220757, 2308666198, 1908865110, 18953175, 2255246427, 2103969243, 2169643102, 2144214750, 169445216, 1983098590, 2115109986, 2035978339, 158112612, 280947557, 2792877023, 2150131303, 2417310568, 2137814887, 2119542244, 1966735589, 2078633956, 1835833577, 112407019, 2064583791, 2114473328, 111233263, 2951344242, 1969487857, 2679597945, 254054780, 2138763645, 2138105726, 2034830207}  size:  74
SCC:
[2138105726] 0.0
[2679597945] 0.0
[1969487857] 0.0
[2951344242] 0.0
[111233263] 0.0
[2114473328] 0.0
[2119542244] 0.0
[2417310568] 0.0
[2150131303] 0.0
[280947557] 0.0
[2115109986] 0.0
[169445216] 0.0
[2169643102] 0.0
[2255246427] 0.0
[1908865110] 0.0
[2092672596] 0.0
[1835833577] 0.0
[2015383761] 0.0038461538461538464
[2082894032] 0.0
[1977456590] 0.0
[2171087181] 0.0
[2106120769] 0.0
[2276738233] 0.0
[1483583928] 0.0
[409595830] 0.0
[2126082358] 0.0
[2619714229] 0.0
[2550850099] 0.0
[2106676007] 0.0
[2566124581] 0.0
[2437776675] 0.0
[2704475440] 0.0038461538461538464
[2033534366] 0.0
[2964741150] 0.0
[1769445404] 0.0
[2686305946] 0.0
[66742930] 0.0
[2024621201] 0.0
[2160942610] 0.0
[2136626448] 0.0
[2141904778] 0.0
[251052554] 0.0
[120466312] 0.0
[112407019] 0.0
[2078633956] 0.0
[1954261512, 2137814887] 0.019230769230769232
[1966735589] 0.0
[663426097] 0.0
[1972582278] 0.0
[2159031116] 0.0038461538461538464
[2138763645] 0.0
[664231056, 2252608274, 2225638692, 131065259, 2136162111, 2179769924, 1735999048, 2175232850, 80220757, 18953175, 2103969243, 1983098590, 158112612, 2792877023, 254054780] 0.4307692307692308
[2034830207] 0.0
[2035978339] 0.0
[2144214750] 0.0
[2308666198] 0.0
[2064583791] 0.0
[2163216773] 0.0
[2267188738] 0.0
total score: 0.46153846153846156

pcc:  {2476880648, 2224734472, 2479954448, 2081463322, 333189659, 2422457627, 2000897436, 2503679655, 2778599336, 2127499438, 2562384559, 2137124533, 2556942265, 2192483133, 2468732989, 2684575809, 2492219974, 2068231623, 2263019976, 2111600720, 2136297185, 2951171686, 2159323111, 2295188966, 2102252270, 2023344625, 2109513205, 2078517239}  size:  28
SCC:
[2102252270] 0.0
[2295188966] 0.0
[2159323111] 0.0
[2951171686] 0.0
[2136297185] 0.0
[2068231623] 0.0
[2684575809] 0.0
[2468732989] 0.0
[2556942265] 0.0
[2137124533] 0.0
[2562384559] 0.0
[2127499438] 0.0
[2778599336] 0.0
[2000897436, 2492219974, 2263019976, 2111600720, 2078517239] 0.43103448275862066
[333189659] 0.0
[2422457627] 0.0
[2081463322] 0.0
[2479954448] 0.0
[2109513205] 0.034482758620689655
[2023344625] 0.0
[2192483133] 0.0
[2503679655] 0.0
[2224734472] 0.0
[2476880648] 0.0
total score: 0.46551724137931033

pcc:  {2124967328, 327757988, 2143089062, 2338117446, 2166897319, 264277963, 2040505518, 2066665679, 2147669519, 1838844815, 1446033523, 2792718004, 2476763573, 18301080, 2302750490, 2216252091, 2139723518}  size:  17
SCC:
[18301080] 0.0
[2476763573] 0.0
[2792718004] 0.0
[1446033523] 0.0
[1838844815] 0.0
[2147669519] 0.0
[264277963] 0.0
[2166897319] 0.0
[2143089062] 0.0
[2338117446] 0.0
[327757988, 2066665679, 2216252091, 2139723518] 0.5
[2302750490] 0.0
[2040505518] 0.0
[2124967328] 0.0
total score: 0.5

pcc:  {1158934300, 2318147181}  size:  2
SCC:
[1158934300] 0.0
[2318147181] 0.5
total score: 0.5

pcc:  {228102912, 1997037825, 2056505999, 2557771536, 2480241949, 2152679201, 2934791588, 2114828967, 2468618410, 2146595883, 2303602861, 2101968948, 2114868023, 2104546489, 2028114619, 2440006205, 2717681854, 2104007874, 2567896390, 2137130951, 1675630922, 2549425869, 2500261453, 2421291343, 2126963664, 2270196177, 1975712082, 1942232023, 713720536, 2991555164, 2550713949, 2146664798, 595543391, 2114744800, 2607770848, 2136887138, 2990812262, 2049189351, 2140564332, 1948433388, 2127665774, 2297353847, 2163850232, 2304684415}  size:  44
SCC:
[2304684415] 0.0
[2163850232] 0.0
[2297353847] 0.0
[1948433388] 0.0
[2140564332] 0.0
[2049189351] 0.0
[2990812262] 0.0
[2136887138] 0.0
[2607770848] 0.0
[2114744800] 0.0
[595543391] 0.0
[2550713949] 0.0
[2991555164] 0.0
[713720536] 0.0
[1942232023] 0.0
[1975712082] 0.0
[2270196177] 0.0
[2126963664] 0.0
[2421291343] 0.0
[2500261453] 0.0
[2549425869] 0.0
[1675630922] 0.0
[2137130951] 0.0
[2567896390] 0.0
[2104007874] 0.0
[2440006205] 0.0
[2028114619] 0.0
[2104546489] 0.0
[2114868023] 0.0
[2101968948] 0.0
[2303602861] 0.0
[2146595883] 0.0
[2468618410] 0.0
[2114828967] 0.0
[2934791588] 0.0
[2152679201] 0.0
[2557771536] 0.0
[2717681854, 2146664798, 2127665774] 0.5102040816326531
[2480241949] 0.0
[2056505999] 0.0
[1997037825] 0.0
[228102912] 0.0
total score: 0.5102040816326531

pcc:  {2186831745, 2152966786, 2249617921, 2582386572, 2011044364, 2121989902, 1204061966, 1075592465, 2037585042, 1268677781, 2283138711, 2951517468, 2112999452, 2103369886, 1969571361, 2484195747, 2148066727, 2409260842, 1800007723, 2126073644, 2137151277, 2668006830, 2495993006, 2129170864, 2501580337, 2169472820, 2417153716, 2125714999, 2019029176, 2171972029, 2289692871, 2143603016, 2234508751, 2261807832, 2133966816, 2148468833, 2167366370, 2155154275, 2109349986, 2012385898, 2148168557, 2099647344, 820547186, 2141377524, 1972177269, 2469620852, 2033403132, 1853234685}  size:  48
SCC:
[1853234685] 0.0
[2469620852] 0.0
[1972177269] 0.0
[2141377524] 0.0
[820547186] 0.0
[2099647344] 0.0
[2109349986] 0.0
[2167366370] 0.0
[2148468833] 0.0
[2133966816] 0.0
[2261807832] 0.0
[2289692871] 0.0
[2171972029] 0.0
[2125714999] 0.0
[2417153716] 0.0
[2169472820] 0.0
[2501580337] 0.0
[2129170864] 0.0
[2495993006] 0.0
[2137151277] 0.0
[2126073644] 0.0
[1800007723] 0.0
[2409260842] 0.0
[2148066727] 0.0
[1969571361] 0.0
[2103369886] 0.0
[2951517468] 0.0
[2112999452] 0.0
[2283138711] 0.0
[1268677781] 0.0
[1075592465] 0.0
[1204061966] 0.0
[2121989902] 0.0
[2011044364] 0.0
[2037585042, 2019029176, 2143603016, 2234508751, 2148168557, 2033403132] 0.5263157894736842
[2012385898] 0.0
[2155154275] 0.0
[2668006830] 0.0
[2484195747] 0.0
[2582386572] 0.0
[2249617921] 0.0
[2152966786] 0.0
[2186831745] 0.0
total score: 0.5263157894736842

pcc:  {2480643200, 2295314820, 2149169927, 2493313805, 2301968909, 2608526869, 2892429210, 2561926301, 2100817443, 2100667814, 2125069230, 2737257653, 2340558518, 2105620155, 2153839941, 2212399178, 2781013714, 2809698391, 2427490396, 2276383582, 2498219105, 2132213614, 2149659377, 2124912249}  size:  24
SCC:
[2124912249] 0.0
[2149659377] 0.0
[2132213614] 0.0
[2276383582] 0.0
[2809698391] 0.0
[2153839941] 0.0
[2340558518] 0.0
[2737257653] 0.0
[2100667814] 0.0
[2100817443] 0.0
[2561926301] 0.0
[2892429210] 0.0
[2608526869] 0.0
[2493313805, 2125069230, 2105620155, 2212399178] 0.4423076923076923
[2498219105] 0.0
[2427490396] 0.0
[2301968909] 0.0
[2149169927] 0.0
[2295314820, 2781013714] 0.09615384615384616
[2480643200] 0.0
total score: 0.5384615384615384

pcc:  {2556322307, 2142724104, 2912415756, 2298118675, 2169363483, 2108011552, 1985648170, 2239320619, 2112067655, 2150814284, 2165788238, 2232375382, 1998419034, 2193999452, 2483473501, 2968337513, 2161135216, 1375400056, 2095953017, 2134830209, 2143687321, 2150527135, 198285984, 254766753, 2917479589, 229038272, 2689542854, 2229253834, 2344260300, 2261047503, 2051750615, 2205924584, 2139423477, 2021036281, 2152055551, 2029568768, 2062010626, 2141840149, 2302610210, 2181724469, 2524462901, 243317564, 2096074559, 2362630976, 2129867074, 2009645378, 2704209241, 2099978586, 2567649626, 2304993124, 2147539308, 2019021678, 2151859571, 2059277171, 2100565365, 2523407221, 2116323195, 2505321855, 2103336841, 2589844882, 2137725330, 2551033752, 2042309534, 2098223009, 430121905, 2230249395, 2462785460, 2161010623, 57053632, 2168485313, 2484040650, 2171800532, 2255504348, 11820511, 426874850, 2022822378, 1978915323}  size:  77
SCC:
[1978915323] 0.0
[2022822378] 0.0
[426874850] 0.0
[11820511] 0.0
[2171800532] 0.0
[2484040650] 0.0
[2168485313] 0.0
[2161010623] 0.0
[430121905] 0.0
[2098223009] 0.0
[2551033752] 0.0
[2137725330] 0.0
[2103336841] 0.0
[2505321855] 0.0
[2523407221] 0.0
[2059277171] 0.0
[2151859571] 0.0
[2019021678] 0.0
[2147539308] 0.0
[2304993124] 0.0
[2567649626] 0.0
[2099978586] 0.0
[2009645378] 0.0
[2129867074] 0.004672897196261682
[2362630976] 0.0
[2096074559] 0.0
[2302610210] 0.0
[2141840149] 0.0
[2062010626] 0.0
[2029568768] 0.0
[2021036281] 0.0
[2261047503] 0.0
[2344260300] 0.0
[2229253834] 0.0
[2689542854] 0.0
[2917479589] 0.0
[198285984] 0.0
[2143687321] 0.0
[2134830209] 0.0
[2095953017] 0.0
[1375400056] 0.0
[2161135216] 0.0
[2968337513] 0.0
[2483473501] 0.0
[1998419034] 0.0
[2232375382] 0.0
[2150814284, 2181724469, 2042309534] 0.04205607476635514
[2112067655] 0.0
[2239320619] 0.0
[1985648170] 0.0
[2298118675] 0.0
[2912415756] 0.0
[2142724104] 0.0
[2556322307] 0.0
[2169363483, 2108011552, 2165788238, 254766753, 229038272, 2139423477, 2524462901, 243317564, 2704209241, 2100565365, 2116323195, 2589844882, 2230249395, 2462785460, 57053632] 0.5186915887850467
[2255504348] 0.0
[2205924584] 0.0
[2051750615] 0.0
[2150527135] 0.0
[2193999452] 0.0
[2152055551] 0.0
total score: 0.5654205607476636

pcc:  {715021696, 2575217153, 1997627650, 2005053826, 1977649925, 281476361, 2589577, 1981155731, 2940745496, 2144579353, 2975840798, 2002718369, 2924230307, 2683343524, 2762208036, 3786149, 2484059044, 271130660, 211812777, 140676520, 2150978211, 2293620524, 2949751979, 2157364398, 2134151728, 2167964723, 2028927923, 35872053, 1858955830, 2046376243, 2652544568, 1500202045, 2953025344, 2921830466, 2104888899, 2516765381, 2271754566, 339370955, 2493786960, 2129669204, 2023387093, 1624679253, 1925374043, 2240607585, 2973866723, 2216095205, 1921173107, 1845138038, 2018313466, 2670085759}  size:  50
SCC:
[2670085759] 0.0
[2018313466] 0.0
[1845138038] 0.0
[1921173107] 0.0
[2973866723] 0.0
[2023387093] 0.0
[2129669204] 0.0
[2516765381] 0.0
[2953025344] 0.0
[1500202045] 0.0
[2046376243] 0.0
[35872053] 0.0
[2949751979] 0.0
[2293620524] 0.0
[2150978211] 0.0
[140676520] 0.0
[271130660] 0.0
[2484059044] 0.0
[2683343524] 0.0
[2144579353] 0.0
[2104888899] 0.008
[1624679253] 0.0
[211812777] 0.0
[2762208036] 0.0
[1981155731] 0.0
[2005053826] 0.0
[1997627650, 281476361, 2271754566] 0.04
[2940745496, 2975840798, 2924230307, 3786149, 2134151728, 2167964723, 2028927923, 2652544568, 2921830466, 339370955, 2493786960, 1925374043, 2216095205] 0.54
[2240607585] 0.0
[1977649925, 2002718369] 0.024
[1858955830] 0.004
[2157364398] 0.0
[2589577] 0.0
[2575217153] 0.0
[715021696] 0.0
total score: 0.6160000000000001

pcc:  {193178368, 235001993, 2490060940, 2121236236, 2012499344, 2092639762, 2130881427, 2790495380, 2206712854, 1518321175, 2250490518, 2137854364, 2023254819, 2096029477, 2124657829, 2166641447, 2023626662, 2240528681, 288626473, 2118586410, 2489899178, 207969196, 2171234738, 1484279603, 259249205, 86199990, 2014469688, 2777047099, 2509467199, 2073631992, 2277778369, 2021686850, 2692458818, 2239053892, 2470363587, 2005577924, 2086475204, 2269886024, 1186584138, 2224570189, 80354510, 2292250447, 2482715602, 2112925650, 92438100, 2169226194, 2007049433, 278177626, 2151264347, 2715690588, 2074453466, 2142388449, 2303156069, 2095673574, 1531155176, 2094301929, 20281835, 2129072251, 2072292845, 2097273326, 2009916527, 136708976, 2096833007, 1770329841, 2165137138, 2023117810, 274891381, 252479729, 2279407096, 2128657275, 2111387516, 2169901821}  size:  72
SCC:
[2169901821] 0.0
[2023117810] 0.0
[2165137138] 0.0
[2096833007] 0.0
[2097273326] 0.0
[2094301929] 0.0
[2095673574] 0.0
[2151264347] 0.0
[2169226194] 0.0
[2112925650] 0.0
[80354510] 0.0
[2224570189] 0.0
[1186584138] 0.0
[2269886024] 0.0
[2005577924] 0.0019157088122605363
[2072292845] 0.0
[2128657275] 0.0
[2509467199] 0.0
[2777047099] 0.0
[2014469688] 0.0
[207969196] 0.0
[2489899178] 0.0
[2240528681] 0.0
[2023626662] 0.0
[2124657829] 0.0
[2096029477] 0.0
[2023254819] 0.0
[2790495380] 0.0
[2130881427] 0.0
[2092639762] 0.0
[2490060940] 0.0
[2121236236, 2012499344] 0.007662835249042145
[235001993] 0.0
[193178368] 0.0
[2206712854, 1518321175, 288626473, 2171234738, 1484279603, 259249205, 2692458818, 2239053892, 2470363587, 2086475204, 2279407096, 2292250447, 92438100, 2007049433, 278177626, 2715690588, 2074453466, 2303156069, 1531155176, 20281835, 136708976, 1770329841, 274891381, 2073631992, 2129072251] 0.6187739463601533
[252479729] 0.0
[2250490518] 0.0
[2142388449] 0.0
[2482715602] 0.0
[2111387516] 0.0
[2009916527] 0.0
[86199990] 0.0
[2137854364] 0.0
[2021686850] 0.0
[2277778369] 0.0
[2118586410] 0.0
[2166641447] 0.0
total score: 0.6283524904214559

pcc:  {2111015811, 2663593097, 2157111323, 2079889949, 2010276254, 1895868705, 2989604263, 1347151784, 1993731499, 2245962294, 2173646266, 2098080957, 2444480957, 37742912, 2128935492, 2078039764, 51820894, 2082304995, 2059718117, 2103752940, 2303367283, 2559123702, 2627117054}  size:  23
SCC:
[2627117054] 0.0
[2559123702] 0.0
[2303367283] 0.0
[2103752940] 0.0
[2059718117] 0.0
[2078039764] 0.0
[2128935492, 51820894, 2082304995] 0.1232876712328767
[2444480957] 0.0
[2098080957] 0.0
[2173646266] 0.0
[2245962294] 0.0
[1993731499] 0.0
[1347151784] 0.0
[2157111323] 0.0
[2663593097] 0.0
[2989604263] 0.0
[1895868705] 0.0136986301369863
[2111015811, 2079889949, 2010276254, 37742912] 0.4931506849315068
total score: 0.6301369863013698

pcc:  {2125193858, 1981931012, 1999069192, 2045095944, 2565831568, 2111416850, 144686356, 179778838, 2761071510, 2461135768, 1828928408, 1939703193, 2405171866, 2271037092, 2065379623, 2009777195, 1900016303, 2167697970, 2628434994, 2226783795, 1992112313, 2396591930, 2136889405, 1221219011, 2179365829, 2527582025, 2510858442, 2442822222, 2012438991, 2066314578, 2761742941, 2515818717, 921193823, 2104519264, 2034698336, 1624046946, 2003540582, 2265343206, 2589372010, 2511882603, 2616320108, 2100373868, 2108305646, 2056869360, 2951126644, 2662459126, 307844215, 2344754685}  size:  48
SCC:
[307844215] 0.0
[2662459126] 0.0
[2056869360] 0.0
[2108305646] 0.0
[2100373868] 0.0
[2616320108] 0.0
[2589372010] 0.0
[2265343206] 0.0
[2034698336] 0.0
[2104519264] 0.0
[921193823] 0.0
[2515818717] 0.0
[2761742941] 0.0
[2066314578] 0.0
[2012438991] 0.0
[2442822222] 0.0
[2510858442] 0.0
[2179365829] 0.0
[2136889405] 0.0
[2396591930] 0.0
[1992112313] 0.0
[2226783795] 0.0
[2628434994] 0.0
[2009777195] 0.0
[2271037092] 0.0
[2405171866] 0.0
[1939703193] 0.0
[2461135768] 0.0
[1828928408] 0.0
[2761071510] 0.0
[2111416850] 0.0
[2565831568] 0.0
[179778838, 2065379623, 1900016303, 2167697970, 1624046946, 2003540582, 2511882603, 2951126644, 2344754685] 0.6585365853658537
[2527582025] 0.0
[2045095944] 0.0
[1999069192] 0.0
[1221219011] 0.004878048780487805
[144686356] 0.0
[1981931012] 0.0
[2125193858] 0.0
total score: 0.6634146341463415

pcc:  {2640472960, 2108624097, 2668328581, 2112374662, 2103291335, 2123646430, 2763322014, 2160809552, 2066523793, 2286237009, 2570154708, 2111678102, 2153687383, 2477293048, 2096910461, 108406206}  size:  16
SCC:
[2763322014] 0.0
[2153687383] 0.0
[2160809552] 0.0
[2103291335, 2066523793, 2286237009, 2111678102, 2477293048] 0.36065573770491804
[2570154708] 0.0
[2123646430] 0.0
[2668328581] 0.0
[108406206, 2112374662, 2096910461] 0.3442622950819672
[2108624097] 0.0
[2640472960] 0.0
total score: 0.7049180327868853

pcc:  {2108362240, 1817936516, 2109879686, 2519922951, 2121178374, 2133571848, 1981906831, 2140989583, 2076182545, 2133337488, 2443577753, 2104121242, 2634725275, 2119954973, 2130612383, 2066159008, 2184443428, 1502939172, 2170865064, 2259645355, 2305755055, 1849627065, 2157666745, 211780538, 2142518979, 351197510, 2171689288, 2438699337, 2124873033, 2965227977, 2143448784, 2119161170, 2686770909, 2419457631, 2121457248, 2199335272, 2141264876, 2171713006, 1269340910, 2250998000, 2147282416, 2194200048, 2138546940}  size:  43
SCC:
[2194200048] 0.0
[2147282416] 0.0
[2250998000] 0.0
[1269340910] 0.0
[2171713006] 0.0
[2141264876] 0.0
[2199335272] 0.0
[2121457248] 0.0
[2419457631] 0.0
[2686770909] 0.0
[2119161170] 0.0
[2965227977] 0.0
[2124873033] 0.0
[2171689288] 0.0
[2142518979] 0.0
[211780538] 0.017241379310344827
[2157666745] 0.0
[1849627065] 0.017241379310344827
[2170865064] 0.0
[1502939172] 0.0
[2184443428] 0.0
[2130612383] 0.0
[2119954973] 0.0
[2634725275] 0.0
[2104121242] 0.0
[2443577753] 0.0
[2133337488] 0.0
[2076182545] 0.0
[2140989583] 0.0
[1981906831] 0.0
[2133571848] 0.0
[2519922951] 0.0
[2121178374] 0.0
[2109879686] 0.0
[1817936516] 0.0
[2108362240, 2259645355, 2305755055, 351197510, 2438699337, 2143448784] 0.6724137931034483
[2138546940] 0.0
[2066159008] 0.0
total score: 0.7068965517241379

pcc:  {2485633537, 177152004, 2661920265, 255084042, 2312837134, 2655389208, 2100576291, 2130456104, 1604723759, 2313657906, 2168614452, 161269817, 1889475642, 2150887997, 2004861503, 2609987651, 2309553220, 24574532, 1981209670, 1988519498, 2443967568, 318894673, 2302862425, 2161866848, 2128170596, 1566711909, 2949025389, 2595437681, 1893736562, 1537048691, 2187581557, 2032270973, 1572478601, 371500171, 2038901907, 2189262995, 2101434519, 2116681370, 168172700, 1980701853, 2058584252, 2345664702, 1912135871, 2053214915, 2080686788, 2109587139, 2806907591, 2160888527, 2134498512, 2032345308, 1111049960, 712415982, 2192737520, 670306551, 2209303800, 2107302653, 284430083, 2632800540, 163924767, 133767967, 2072849696, 2169650468, 2127973671, 1898836778, 2095782188, 2953371951, 2020289842, 1910597427, 2037010747, 2882719549, 2012736320, 2105657664, 130200899, 2037866308, 2172053321, 2028784970, 2308824398, 2149131086, 2397241174, 2063114072, 2291088731, 1904534369, 1960353634, 2522648935, 2080344424, 2328522601, 2133066616, 662855036, 2016539005, 2162369918, 1034661245, 2116332931, 278754694, 2020781963, 2106500497, 1974025617, 1973162899, 2469499809, 1281575332, 2155890085, 36172711, 2077020583, 19414955, 2224929196, 2018810797, 270351283, 2420433332, 2160652726, 2226538938, 2618550202, 2736861629, 2691474368, 2955258819, 2780658116, 309515214, 2122791383, 1856923607, 2029583323, 101938652, 2148425697, 2122328552, 2277160431, 2778121718, 2007149047, 2233962492, 241899517}  size:  126
SCC:
[241899517] 0.0
[2778121718] 0.0
[2029583323] 0.0
[1856923607] 0.0
[2691474368] 0.0
[2736861629] 0.0
[2226538938] 0.000999000999000999
[2420433332] 0.0
[2224929196] 0.0
[19414955] 0.0
[2155890085] 0.0
[1281575332] 0.0
[2469499809] 0.0
[1973162899] 0.0
[2106500497] 0.0
[2116332931] 0.0
[1034661245] 0.0
[2162369918] 0.0
[662855036] 0.0
[2522648935] 0.0
[1960353634] 0.0
[1904534369] 0.0
[2063114072] 0.0
[2149131086] 0.0
[2028784970] 0.0
[2882719549] 0.0
[2037010747] 0.0
[2953371951] 0.0
[2095782188] 0.0
[1898836778] 0.0
[2127973671] 0.0
[133767967] 0.0
[2032345308] 0.0
[2032270973] 0.0
[1537048691] 0.0
[1893736562] 0.0
[2949025389] 0.0
[1566711909] 0.0
[2128170596] 0.0
[318894673] 0.0
[1988519498] 0.0
[24574532] 0.0
[2168614452] 0.0
[1604723759, 1912135871, 2209303800, 163924767] 0.014985014985014986
[2037866308] 0.0
[2020289842] 0.0
[2595437681] 0.0
[2192737520] 0.0
[2100576291] 0.0
[2655389208] 0.0
[255084042] 0.0
[2661920265] 0.0
[177152004] 0.0
[2485633537] 0.0
[2312837134, 2130456104, 161269817, 1889475642, 2150887997, 2004861503, 2609987651, 1981209670, 2443967568, 2302862425, 2161866848, 2187581557, 1572478601, 371500171, 2038901907, 2189262995, 2116681370, 168172700, 1980701853, 2058584252, 2053214915, 2080686788, 2806907591, 2160888527, 2134498512, 1111049960, 712415982, 670306551, 2107302653, 284430083, 2632800540, 2072849696, 2105657664, 2012736320, 130200899, 2172053321, 2308824398, 2397241174, 2291088731, 2080344424, 2328522601, 2016539005, 278754694, 2020781963, 1974025617, 2077020583, 2018810797, 270351283, 2160652726, 2955258819, 2780658116, 309515214, 2122791383, 101938652, 2148425697, 2122328552, 2277160431, 2007149047, 2233962492] 0.7032967032967034
[2109587139] 0.0
[2169650468] 0.0
[2618550202] 0.0
[2133066616] 0.0
[1910597427] 0.0
[2313657906] 0.0
[2345664702] 0.0
[2101434519] 0.0
[36172711] 0.0
[2309553220] 0.0
total score: 0.7192807192807193

pcc:  {183722240, 2100554498, 2717681412, 2298166661, 659530374, 2923204491, 2111596939, 2169925262, 2498491921, 2717986583, 2692648732, 2944302109, 2227214366, 157622691, 2691349669, 2114921128, 2121310506, 2221257390, 1690634799, 2289542319, 2282701359, 90224947, 22135093, 2054555191, 1999770807, 297969600, 2670173377, 2400164672, 2145260995, 1982785356, 2152194765, 1969582158, 1973247951, 60139091, 2148329557, 2603447383, 2422299352, 2510858842, 120651226, 2021640924, 2119641056, 2123304929, 72441953, 2112824674, 1576801125, 691479014, 2528434920, 1970391018, 2221004268, 2138495596, 1526086892, 2142932598, 2020801783, 1995962232, 2003447161, 2435751034, 2168470652, 1974613367}  size:  58
SCC:
[2168470652] 0.0
[2003447161] 0.0
[2020801783] 0.0
[2142932598] 0.0
[1526086892] 0.0
[1970391018] 0.0
[2528434920] 0.0
[1576801125] 0.0
[2112824674] 0.0
[2123304929] 0.0
[2119641056] 0.0
[120651226] 0.0
[2603447383] 0.0
[2148329557] 0.0
[1973247951] 0.0
[1969582158] 0.0
[2152194765] 0.0
[2400164672] 0.0
[2670173377] 0.0
[1999770807] 0.0
[2054555191] 0.0
[22135093] 0.0
[2282701359] 0.0
[1690634799] 0.0
[157622691] 0.0
[2227214366] 0.0
[2692648732] 0.0
[2498491921] 0.0
[2923204491] 0.0
[2298166661] 0.0
[2111596939, 2717986583, 2944302109, 2114921128, 2121310506, 2221257390, 2289542319, 90224947, 2145260995, 1982785356, 60139091, 2510858842, 691479014, 2138495596, 1995962232, 2435751034] 0.7425149700598802
[1974613367] 0.0
[2021640924] 0.0
[2422299352] 0.0
[297969600] 0.0
[2221004268] 0.0
[72441953] 0.0
[2691349669] 0.0
[2169925262] 0.0
[659530374] 0.005988023952095809
[2717681412] 0.0
[2100554498] 0.0
[183722240] 0.0
total score: 0.7485029940119761

pcc:  {2561449537, 2560879651, 2155137863, 2421711721, 2141705163, 2517210667, 2102791789, 2232911153, 2567468530, 2845362647, 2426295800, 2191719801, 2628299646, 2155316287}  size:  14
SCC:
[2155316287] 0.0
[2628299646] 0.0
[2191719801] 0.0
[2426295800] 0.0
[2845362647] 0.0
[2567468530] 0.0
[2232911153] 0.0
[2102791789] 0.0
[2517210667] 0.0
[2421711721] 0.0
[2155137863] 0.0
[2141705163] 0.75
[2560879651] 0.0
[2561449537] 0.0
total score: 0.75

pcc:  {1938834791, 2973763720, 1915993033, 2103279754, 1973028108, 2521254510, 2062859054, 2042460623, 181886163, 300175929, 2007377374}  size:  11
SCC:
[2007377374] 0.0
[300175929] 0.0
[181886163] 0.0
[2042460623] 0.0
[1973028108] 0.0
[2103279754] 0.0
[1915993033] 0.0
[2521254510, 2062859054] 0.75
[2973763720] 0.0
[1938834791] 0.0
total score: 0.75

pcc:  {1972291593, 2165875728, 2158987803, 2108210217, 2097703981, 2006682166, 132303927, 2619694662, 512556102, 2093953614, 2088212047, 2464094287, 242415709, 2619145315, 289005672, 167589996, 2285762679, 1986182274, 2096859791, 2858415774, 677722270, 1992641199, 2134439617, 139967712, 2148448995, 2098954979, 2108769517, 2107589357, 2584127737, 2466810105, 2296948990, 2468960519, 2048266507, 1982686475, 2165111055, 2171367185, 1273563922, 2042048789, 2260861727, 2063782688, 1691279138, 2086114595, 311375655, 2232397101, 2190151475, 2510924085, 135252792, 2118271290, 2165695307, 738438988, 2330451, 2142689629, 1133076831, 2040186208, 2009081702, 2127243113, 2737211241, 2121586545, 251023228, 2041520510, 2512381318, 1994357136, 2777174945, 2103829928, 2307616684, 2062380982, 1984316343, 2135804864, 2694804417, 155277768, 2550150095, 242635728, 301283286, 1982327768, 297432538, 2095381979, 738756060, 2160774113, 2148550123, 2735594999, 2231647228, 2167617533}  size:  82
SCC:
[2167617533] 0.0
[2735594999] 0.0
[2160774113] 0.0
[2095381979] 0.0
[1982327768] 0.0
[242635728] 0.0
[2550150095] 0.0
[155277768] 0.0
[2694804417] 0.0
[2135804864] 0.0
[1984316343] 0.0
[2307616684] 0.0
[2103829928] 0.0
[1994357136] 0.0
[2512381318] 0.0
[2041520510] 0.0
[2121586545] 0.0
[2009081702] 0.0
[1133076831] 0.0
[2142689629] 0.0
[738438988] 0.0
[2118271290] 0.0
[2510924085] 0.0
[2190151475] 0.0
[311375655] 0.0
[1691279138] 0.0
[2260861727] 0.0
[2165111055] 0.0
[1982686475] 0.0
[2107589357] 0.0
[2098954979] 0.0
[139967712] 0.0
[2134439617] 0.0
[2096859791] 0.0
[1986182274] 0.0
[2285762679, 251023228] 0.00667779632721202
[242415709] 0.0
[2464094287] 0.0
[2093953614] 0.0
[512556102] 0.0
[2619694662] 0.0
[132303927] 0.0
[2006682166] 0.0
[2108210217] 0.0
[2088212047, 2127243113] 0.00667779632721202
[2231647228] 0.0
[2158987803] 0.0
[2584127737, 2048266507] 0.00667779632721202
[2466810105] 0.0
[2108769517] 0.0
[1972291593, 2165875728, 2097703981, 2619145315, 289005672, 167589996, 2858415774, 677722270, 1992641199, 2148448995, 2296948990, 2468960519, 2171367185, 1273563922, 2063782688, 2086114595, 135252792, 2165695307, 2330451, 2040186208, 2777174945, 2062380982, 301283286, 297432538, 738756060, 2148550123] 0.7579298831385642
[2737211241] 0.0
[2232397101] 0.0
[2042048789] 0.0
total score: 0.7779632721202003

pcc:  {2712128676, 2029196934, 2076429416, 2107833897, 2167354121, 2164775409, 1794038515, 2117210965, 971226294, 2060257498, 2151570909, 2102688157}  size:  12
SCC:
[2029196934, 2076429416, 2107833897, 2167354121, 2164775409, 1794038515, 2117210965, 971226294, 2060257498, 2151570909, 2102688157] 0.8775510204081632
[2712128676] 0.0
total score: 0.8775510204081632

pcc:  {2035876866, 2116836739, 2045157892, 2130181892, 2700953612, 2109954189, 2110501006, 2427243148, 1986033680, 2148022289, 2300711308, 2583656720, 2656283669, 2162752662, 2120348443, 2702409756, 2116155808, 2140714400, 2678872867, 2101279140, 2138722980, 2113276713, 2135302315, 2130712876, 2497095473, 2598605361, 2119739827, 2141326772, 2127632057, 2285338435, 2165888709, 2683781446, 2168176072, 2099379656, 2114357324, 2137603918, 2104512981, 2591117145, 2157689689, 2155265242, 2396073053, 2163103719, 2118530536, 2515560682, 2108673390, 2110230645, 2562268280, 2126599162}  size:  48
SCC:
[2126599162] 0.0
[2562268280] 0.0
[2110230645] 0.0
[2108673390] 0.0
[2515560682] 0.0
[2118530536] 0.0
[2155265242] 0.0
[2157689689] 0.0
[2591117145] 0.0
[2114357324] 0.0
[2099379656] 0.0
[2165888709] 0.0
[2285338435] 0.0
[2127632057] 0.0
[2141326772] 0.0
[2119739827] 0.0
[2598605361] 0.0
[2130712876] 0.0
[2135302315] 0.0
[2113276713] 0.0
[2138722980] 0.0
[2678872867] 0.0
[2140714400] 0.0
[2702409756] 0.0
[2120348443] 0.0
[2162752662] 0.0
[2583656720] 0.0
[2300711308] 0.0
[2427243148] 0.0
[2109954189] 0.0
[2130181892] 0.0
[2116836739] 0.0
[2035876866, 2045157892, 2700953612, 2110501006, 1986033680, 2148022289, 2656283669, 2101279140, 2497095473, 2683781446, 2168176072, 2137603918, 2104512981, 2396073053, 2163103719] 0.911504424778761
[2116155808] 0.0
total score: 0.911504424778761

pcc:  {2950850050, 2186211331, 2192679303, 2657391372, 2123370898, 2251795989, 317192602, 2050754209, 2263011237, 2141630898, 93198007, 2892443067, 2646684094, 2101389519, 2333099729, 2158620633, 2118479066, 2303066735, 2252852592, 2302858353, 2199253878, 42138872, 1907357561, 2669195515}  size:  24
SCC:
[2669195515] 0.0
[1907357561] 0.0
[42138872] 0.0
[2199253878] 0.0
[2302858353] 0.0
[2303066735] 0.0
[2333099729] 0.0
[2101389519] 0.0
[2646684094] 0.0
[2892443067] 0.0
[93198007] 0.0
[2141630898] 0.0
[2263011237] 0.0
[2050754209] 0.0
[317192602] 0.0
[2251795989] 0.0
[2123370898] 0.0
[2657391372] 0.0
[2192679303, 2158620633, 2118479066, 2252852592] 1.0
[2186211331] 0.0
[2950850050] 0.0
total score: 1.0

