pcc:  {2097558208, 2153496801, 2057037001, 2106476298, 2494791600, 2044774160, 393897811}  size:  7
SCC:
total score: 0

pcc:  {2157004865, 2633615845, 2604888774, 2131496007, 2305161885, 2099888142, 2090936787, 2102912534, 2155868506, 2250254044, 2060109373}  size:  11
SCC:
total score: 0

pcc:  {175255044, 2153960200, 2589563659, 2590934160, 691928724, 2157522220, 2203793967, 2460161456, 2228118575, 2071747889, 1944224191, 2106183752, 2763165514, 2207800025, 2022325346, 2165524834, 2116410742, 2298967927, 2100588671}  size:  19
SCC:
total score: 0

pcc:  {1915632865, 86010270, 190355819, 2250506443, 2429249806, 2554561877, 303170550, 1975775799, 2549490136, 2186384567, 2569801243, 2511692926}  size:  12
SCC:
total score: 0

pcc:  {2968703994, 2753558535, 2573176074, 2308415883, 2658491662, 2032555279, 2133602961, 2007304721, 2327168150, 2150527511, 2775989273, 2391042075, 2038601627, 1961022492, 1990863773, 2171544993, 2298299938, 2105107880, 2936216365, 1981034670, 2170165422, 2945687095, 1482611513, 2906684740, 2031793861, 2100629573, 2104995575, 2752903244, 2750670413, 2940877783, 2904443096, 2940602970, 2601526120, 2436591210, 2225198574, 2467582702, 2311156855, 2170486521, 2752068602, 2937346172, 2748871678, 2299033983}  size:  42
SCC:
total score: 0

pcc:  {2006600044, 2052320492, 2141883181, 1275797745, 2681197077, 2464038102}  size:  6
SCC:
total score: 0

pcc:  {2134649220, 1973297286, 2556027406, 193618192, 2133791891, 2111004954, 2149339036, 2006810527, 2125092129, 2104162850, 2260173227, 2167730221, 2702991030, 2118029367, 707607996, 2169249859, 2102010955, 2106222798, 2122668238, 2511260496, 2222627537, 2126520664, 1980637273, 1979730653, 2148175328, 2567269472, 1956387186, 2123954037, 2161079289, 2559301882, 2363116027}  size:  31
SCC:
total score: 0

pcc:  {2692611460, 2623169184, 2303878307, 2099546537, 2774316334, 2303120048, 2142547891, 2947894461, 2923050051, 2664725190, 2166293063, 2485676879, 2305325273, 2673925340, 2588242145, 2279001444, 2722706797, 2426174957, 2627412079, 2144971638}  size:  20
SCC:
total score: 0

pcc:  {2114360928, 2167441217, 26172899, 2110150181, 1944265478, 2218362054, 260882311, 2573620969, 2096559244, 2164800493, 1998328463, 2161996623, 2625171985, 2073398933, 2123307737, 72902654, 2557978175}  size:  17
SCC:
total score: 0

pcc:  {2096646689, 1976110271, 1977330787, 640907747, 1937312645, 2135711272, 1914926697, 270967595, 2920079408, 2092632499, 2508732373, 163176088, 1970342683, 2136716127}  size:  14
SCC:
total score: 0

pcc:  {2802963078, 2154296839, 2897272202, 2801824526, 2623605143, 2780625688, 2939700766, 2897622561, 2637457061, 2156148776, 2799555772, 2792720064, 2004228948, 2897925717, 2131598680, 2158585179, 2145283039, 2169104102, 2420583661, 2580815600, 2779237367}  size:  21
SCC:
total score: 0

pcc:  {2084683202, 2222824643, 2126265987, 2127441797, 2712890102, 2620452311, 2147457014}  size:  7
SCC:
total score: 0

pcc:  {2650699256, 2342617357, 2661839378, 2162124564, 2011792538, 2126970652, 2636184606, 2698754719, 2426481319, 2571940285, 2669246527, 2654482240, 2432240979, 2632674006, 2302961247, 2714066404, 2791527534, 2104541935, 2696180600, 2119616764}  size:  20
SCC:
total score: 0

pcc:  {2974363424, 2911911590, 2145800998, 2754567816, 2531387529, 2974453450, 2973846190, 2720093134, 2793891153, 2755480241, 2659308723, 2756172565, 2176667029, 2588816984, 2096594425, 2138625242, 2237729119}  size:  17
SCC:
total score: 0

pcc:  {2942514080, 2303232582, 2124809355, 2943280048, 2942729939, 2617165044, 238978933, 2135070842}  size:  8
SCC:
total score: 0

pcc:  {2883867808, 2772767674, 2766379747, 2099856836, 2893684037, 2902847464, 2886601834, 2902919051, 2552593622, 2131821015, 2902789112, 2903560410}  size:  12
SCC:
total score: 0

pcc:  {2163928714, 2171310226, 2163560991, 2284197286, 2129110191, 2135591858, 2112034102, 2197065657, 2991193019, 2578085563, 2674707781, 2716001232, 2662743634, 2482227283, 2279245401, 2282946403, 2915371629, 2427384688, 2608341104, 2122588659, 2612774394, 2135883006, 2617633279}  size:  23
SCC:
[2617633279] 0.0
[2135883006] 0.0
[2612774394] 0.0
[2122588659] 0.0
[2427384688] 0.0
[2915371629] 0.0
[2282946403] 0.0
[2279245401] 0.0
[2482227283] 0.0
[2662743634] 0.0
[2716001232] 0.0
[2991193019] 0.0
[2578085563] 0.0
[2197065657] 0.0
[2112034102] 0.0
[2135591858] 0.0
[2129110191] 0.0
[2284197286] 0.0
[2163560991] 0.0
[2171310226] 0.03571428571428571
[2608341104] 0.0
[2674707781] 0.0
[2163928714] 0.0
total score: 0.03571428571428571

pcc:  {2792647936, 2133777537, 2941906049, 2257893379, 2885106564, 2942333189, 2099983110, 2922304776, 2886743564, 2885476237, 2136098704, 2941502995, 2101255316, 2758274969, 2704401562, 2791776281, 2949337372, 2115485213, 2887018526, 2940974881, 2655204770, 2047018924, 2167348271, 2251186863, 2156974514, 2180561075, 2766489907, 2492838068, 2886506806, 2110029363, 2031044659, 2957948338, 2951830967, 2886178747, 2919099579, 2109655100, 2956480190, 2940832703, 2954961981, 2127240129, 2564845501, 2122098371, 2564848323, 1964939973, 2921421768, 2131266506, 2973674319, 2942466256, 2642494673, 2663061329, 2953524689, 2307520724, 2635429972, 2793298517, 2148076503, 2913906394, 2940682588, 2142034015, 2921288544, 2656046049, 2104136804, 2479162221, 2289637486, 2940708845, 2542471538, 2945907445, 2123900790, 2165102328, 1994637948, 2119689471}  size:  70
SCC:
[2119689471] 0.0
[2165102328] 0.0
[2123900790] 0.0
[2945907445] 0.0
[2940708845] 0.0
[2479162221] 0.0
[2104136804] 0.0
[2656046049] 0.0
[2921288544] 0.0
[2142034015] 0.0
[2940682588] 0.0
[2913906394] 0.0
[2793298517] 0.0
[2635429972] 0.0
[2307520724] 0.0
[2953524689] 0.0
[2663061329] 0.0
[2642494673] 0.0
[2942466256] 0.0
[2973674319] 0.0
[2131266506] 0.0
[2921421768] 0.0
[1964939973] 0.0
[2122098371] 0.0
[2564845501] 0.0
[2127240129] 0.0
[2954961981] 0.0
[2940832703] 0.0
[2919099579] 0.0
[2886178747] 0.0
[2951830967] 0.0
[2957948338] 0.0
[2031044659] 0.0
[2886506806] 0.0
[2492838068] 0.0
[2766489907] 0.0
[2180561075] 0.0
[2156974514] 0.0
[2251186863] 0.0
[2655204770] 0.0
[2940974881] 0.0
[2887018526] 0.0
[2115485213] 0.0
[2949337372] 0.0
[2791776281] 0.0
[2704401562] 0.0
[2758274969] 0.0
[2101255316] 0.0
[2941502995] 0.0
[2885476237] 0.0
[2886743564] 0.0
[2922304776] 0.0
[2099983110] 0.0
[2942333189] 0.0
[2885106564] 0.0
[2167348271] 0.0078125
[2542471538] 0.0
[2148076503] 0.0
[2564848323] 0.0
[2109655100] 0.0
[2047018924, 1994637948] 0.0390625
[2289637486] 0.0
[2956480190] 0.0
[2110029363] 0.0
[2136098704] 0.0
[2257893379] 0.0
[2941906049] 0.0
[2133777537] 0.0
[2792647936] 0.0
total score: 0.046875

pcc:  {2893262849, 2153085453, 2888734739, 2422369819, 2748551714, 2144833106, 2227416660, 2307995737, 2141933658, 2096236645, 2892664428, 2149397105, 2796571259, 2696202366, 2981793408, 1991743105, 2697264264, 2750890124, 2104737429, 2599773848, 2137831073, 2223444130, 2673527464, 2161154216, 2440669359, 2396992184, 2892384449, 2583553233, 2969965777, 2983821012, 2296103144, 2190450412, 2746529528, 2982193929, 1982686475, 2616561934, 2991167252, 2162842903, 2131026200, 2155417880, 2105519897, 2894303003, 2692440355, 2296433447, 2797276463, 2890276146, 2778258744, 2494165818, 2887766847, 2685482818, 36542275, 2888169797, 2970353990, 2118078281, 2752255821, 2583773520, 2650938711, 1162469211, 2140326241, 2622954871, 2127179134, 2747035527, 2603303308, 2806249368, 2051900316, 2981678493, 2717320610, 2243627445, 2663756727, 2420444097, 2921784257, 2690363857, 2238177234, 2102338519, 2223533022, 2160774113, 2562508798}  size:  77
SCC:
[2562508798] 0.0
[2160774113] 0.0
[2223533022] 0.0
[2102338519] 0.0
[2238177234] 0.0
[2690363857] 0.0
[2921784257] 0.0
[2420444097] 0.0
[2663756727] 0.0
[2243627445] 0.0
[2717320610] 0.0
[2981678493] 0.0
[2051900316] 0.0
[2806249368] 0.0
[2603303308] 0.0
[2747035527] 0.0
[2127179134] 0.0
[2622954871] 0.0
[1162469211] 0.0
[2650938711] 0.0
[2752255821] 0.0
[2118078281] 0.0
[2970353990] 0.0
[2888169797] 0.0
[36542275] 0.0
[2685482818] 0.0
[2887766847] 0.0
[2778258744] 0.0
[2890276146] 0.0
[2797276463] 0.0
[2296433447] 0.0
[2692440355] 0.0
[2894303003] 0.0
[2105519897] 0.0
[2155417880] 0.0
[2131026200] 0.0
[2162842903] 0.0
[2991167252] 0.0
[2616561934] 0.0
[1982686475] 0.0
[2982193929] 0.0
[2746529528] 0.0
[2190450412] 0.0
[2296103144] 0.0
[2983821012] 0.0
[2969965777] 0.0
[2892384449] 0.0
[2673527464] 0.0
[2137831073] 0.0
[2599773848] 0.0
[2104737429] 0.0
[2750890124] 0.0
[2697264264] 0.0
[1991743105] 0.0
[2981793408] 0.0
[2696202366] 0.0
[2583553233] 0.05555555555555555
[2140326241] 0.0
[2583773520] 0.0
[2494165818] 0.0
[2440669359] 0.0
[2161154216] 0.0
[2396992184] 0.0
[2223444130] 0.0
[2796571259] 0.0
[2149397105] 0.0
[2892664428] 0.0
[2096236645] 0.0
[2141933658] 0.0
[2307995737] 0.0
[2227416660] 0.0
[2144833106] 0.0
[2748551714] 0.0
[2422369819] 0.0
[2888734739] 0.0
[2153085453] 0.0
[2893262849] 0.0
total score: 0.05555555555555555

pcc:  {2969923077, 2129056645, 2984994055, 2781456904, 2982544519, 2799190665, 2152596491, 2636682381, 2950405390, 1885380884, 2765106710, 2805111322, 2129879323, 2644323612, 2767478940, 2441435174, 2781259942, 2945081382, 2989712299, 2621597999, 1996431663, 2624154035, 2152577076, 2162969788, 2614428991, 2889852865, 2991517762, 2911213635, 2462279364, 2691236168, 2980845385, 2921668299, 2980646991, 2274483280, 2226894673, 2622366800, 2100295637, 2344412246, 2111134424, 2414779228, 2597902046, 2963621088, 2128048611, 2679166308, 2984659684, 2782275303, 2980869482, 2005728876, 2912108525, 2987003377, 2061101942, 2485990391, 2987992438, 2777710079}  size:  54
SCC:
[2485990391] 0.0
[2912108525] 0.0
[2005728876] 0.0
[2980869482] 0.0
[2128048611] 0.0
[2963621088] 0.0
[2344412246] 0.0
[2622366800] 0.0
[2274483280] 0.0
[2980646991] 0.0
[2921668299] 0.0
[2980845385] 0.0
[2691236168] 0.0
[2462279364] 0.0
[2991517762] 0.0
[2889852865] 0.0
[2614428991] 0.0
[2162969788] 0.0
[2624154035] 0.0
[1996431663] 0.0
[2765106710] 0.0
[1885380884] 0.0
[2950405390] 0.0
[2636682381] 0.0
[2152596491] 0.0
[2799190665] 0.0
[2982544519] 0.0
[2129056645] 0.0044444444444444444
[2129879323] 0.0
[2969923077] 0.0
[2767478940, 2100295637] 0.017777777777777778
[2987992438] 0.0
[2061101942] 0.0
[2987003377] 0.0
[2984659684] 0.0
[2679166308] 0.0
[2597902046] 0.0
[2911213635] 0.0
[2152577076] 0.0
[2989712299] 0.0
[2441435174] 0.0
[2945081382] 0.0
[2644323612] 0.0
[2984994055] 0.0
[2805111322, 2111134424] 0.035555555555555556
[2777710079] 0.0
[2782275303] 0.0
[2414779228] 0.0
[2226894673] 0.0
[2781259942] 0.0
[2621597999] 0.0
[2781456904] 0.0
total score: 0.057777777777777775

pcc:  {2947717632, 1448055808, 2138309126, 2261313287, 2279061130, 2029725838, 2050305038, 1996466583, 2490202788, 2124480168, 2192114473, 2171658156, 230207152, 1968311219, 2973463478, 2779164984, 2222511166, 903357120, 2146008257, 340012993, 1789326020, 2100707141, 1992979146, 2009643342, 2112719703, 2557835608, 2124142177, 2171660386, 2707843683, 2806361837, 2689363054, 2120526064, 2150554866, 2149034239}  size:  34
SCC:
[2149034239] 0.0
[2150554866] 0.0
[2120526064] 0.0
[2689363054] 0.0
[2806361837] 0.0
[2707843683] 0.0
[2171660386] 0.0
[2124142177] 0.0
[2557835608] 0.0
[2112719703] 0.0
[1992979146] 0.0
[2100707141] 0.0
[1789326020] 0.0
[340012993] 0.0
[2146008257] 0.0
[903357120] 0.0
[2222511166] 0.0
[1968311219] 0.0
[230207152] 0.0
[2171658156] 0.0
[2192114473] 0.0
[2124480168] 0.0
[2490202788] 0.0
[1996466583] 0.0
[2050305038] 0.0
[2029725838] 0.0
[2279061130] 0.0
[2138309126] 0.0
[2261313287] 0.0625
[2009643342] 0.0
[2779164984] 0.0
[2973463478] 0.0
[1448055808] 0.0
[2947717632] 0.0
total score: 0.0625

pcc:  {234569568, 2556995520, 2438814022, 2787324839, 2780341830, 2163744169, 682452844, 2094963630, 325346290, 1841792147, 2293646133, 2726391797, 2617415478, 280701752, 197223292}  size:  15
SCC:
[2617415478] 0.0
[2726391797] 0.0
[2293646133] 0.0
[1841792147] 0.0
[2094963630] 0.0
[2163744169] 0.0
[2438814022] 0.0
[2787324839] 0.0
[2780341830] 0.0
[280701752] 0.08333333333333333
[197223292] 0.0
[325346290] 0.0
[682452844] 0.0
[2556995520] 0.0
[234569568] 0.0
total score: 0.08333333333333333

pcc:  {2172120578, 2114993667, 2132118157, 2053238798, 2154694055, 2275504684, 2157095084, 2146145073, 2127226427, 2170702281, 2082805072, 2337824086, 2936499803, 2117336285, 2308870749, 239585504, 2129866091, 1994042735, 1546338799, 1965266424, 270055802, 1803353727}  size:  22
SCC:
[1803353727] 0.0
[1965266424] 0.0
[1546338799] 0.0
[1994042735] 0.0
[2129866091] 0.0
[239585504] 0.0
[2117336285] 0.0
[2308870749] 0.0
[2936499803] 0.0
[2337824086] 0.0
[2082805072] 0.0
[2170702281] 0.0
[2127226427] 0.0
[2146145073] 0.0
[2275504684] 0.0
[2154694055] 0.0
[2053238798] 0.0
[2114993667] 0.0
[2172120578] 0.0
[2157095084] 0.08333333333333333
[270055802] 0.0
[2132118157] 0.0
total score: 0.08333333333333333

pcc:  {2764326275, 2790394633, 2763033097, 2558653614, 2647042543, 2154166576, 2761656399, 2940162033, 2286854676, 2791317526, 2783859002}  size:  11
SCC:
[2783859002] 0.0
[2791317526] 0.0
[2154166576] 0.0
[2647042543] 0.0
[2790394633] 0.0
[2558653614, 2286854676] 0.09523809523809523
[2940162033] 0.0
[2761656399] 0.0
[2763033097] 0.0
[2764326275] 0.0
total score: 0.09523809523809523

pcc:  {2893607809, 2566606722, 2419894020, 2154688392, 2292540048, 2977133077, 2108928151, 2120117529, 2108934043, 2885315227, 9812142, 2641101239, 2765319363, 2792601924, 2145548103, 2015843272, 2466710729, 2786627151, 2610641871, 2148573281, 2266751337, 2587431914, 2673828586, 2097690609, 2225947635, 2530571260}  size:  26
SCC:
[2225947635] 0.0
[2673828586] 0.0
[2587431914] 0.0
[2266751337] 0.0
[2148573281] 0.0
[2610641871] 0.0
[2786627151] 0.1
[2530571260] 0.0
[2097690609] 0.0
[2466710729] 0.0
[2015843272] 0.0
[2145548103] 0.0
[2792601924] 0.0
[2765319363] 0.0
[2641101239] 0.0
[9812142] 0.0
[2885315227] 0.0
[2108934043] 0.0
[2120117529] 0.0
[2108928151] 0.0
[2977133077] 0.0
[2292540048] 0.0
[2154688392] 0.0
[2419894020] 0.0
[2566606722] 0.0
[2893607809] 0.0
total score: 0.1

pcc:  {2087543040, 2171888518, 2661400710, 2626832520, 2142894599, 2683512592, 2107070739, 2516427284, 2689434645, 2786726163, 2104129307, 2664175646, 2153313313, 2226640935, 2310734762, 2768484779, 2889206187, 2149514797, 2102192046, 2583306157, 2751991343, 2783419828, 2425744831, 2664235841, 2134093772, 2423075020, 2238833359, 2110317904, 2306075217, 2769957328, 2697510482, 2492057428, 2427048662, 2116471127, 2107364696, 2162494427, 2889139805, 2227394013, 2150264287, 2786794848, 2420013409, 2786009697, 2588225402, 2302730855, 2686763243, 2137291500, 2142026608, 2122193271, 2625326714, 2660401916}  size:  50
SCC:
[2660401916] 0.0
[2137291500] 0.0
[2786009697] 0.0
[2420013409] 0.0
[2227394013] 0.0
[2889139805] 0.0
[2162494427] 0.0
[2625326714] 0.0
[2116471127] 0.0
[2427048662] 0.0
[2492057428] 0.0
[2697510482] 0.0
[2769957328] 0.0
[2238833359] 0.0
[2423075020] 0.0
[2134093772] 0.0
[2425744831] 0.0
[2783419828] 0.0
[2751991343] 0.0
[2583306157] 0.0
[2102192046] 0.0
[2149514797, 2122193271] 0.057971014492753624
[2889206187] 0.0
[2107364696, 2142026608] 0.057971014492753624
[2786794848] 0.0
[2306075217] 0.0
[2664235841] 0.0
[2768484779] 0.0
[2588225402] 0.014492753623188406
[2686763243] 0.0
[2110317904] 0.0
[2310734762] 0.0
[2226640935] 0.0
[2153313313] 0.0
[2664175646] 0.0
[2104129307] 0.0
[2786726163] 0.0
[2516427284] 0.0
[2107070739] 0.014492753623188406
[2302730855] 0.0
[2150264287] 0.0
[2689434645] 0.0
[2683512592] 0.0
[2142894599] 0.0
[2626832520] 0.0
[2171888518] 0.0
[2661400710] 0.0
[2087543040] 0.0
total score: 0.14492753623188406

pcc:  {2576847494, 2739782798, 2868635032, 2058895776, 2321956385, 2034085542, 2595695404, 2156373944, 2138286461, 2138877898, 2403970763, 2322817360, 2530960729, 2105350755, 2162010601, 1818914027, 1974375279, 2582898035, 2594060279, 2115938681, 2207926141, 2153773055}  size:  22
SCC:
[2138286461] 0.0
[2115938681] 0.0
[2594060279] 0.0
[2582898035] 0.0
[2105350755] 0.0
[2530960729] 0.0
[2322817360] 0.0
[2403970763] 0.0
[2138877898] 0.0
[2207926141] 0.041666666666666664
[2153773055] 0.0
[2162010601] 0.08333333333333333
[1818914027] 0.0
[2595695404] 0.0
[2034085542] 0.0
[2156373944] 0.041666666666666664
[1974375279] 0.0
[2321956385] 0.0
[2058895776] 0.0
[2868635032] 0.0
[2739782798] 0.0
[2576847494] 0.0
total score: 0.16666666666666666

pcc:  {2884419719, 2176211339, 2072577296, 38349329, 2145994008, 2974225947, 2792011807, 2986420899, 2154798116, 874345256, 2011596724, 2106770748, 2973424832, 1859920704, 2669062722, 2094422214, 2111851983, 2973600085, 2144988246, 294455658, 2612019691, 2129457005, 2127992686, 2893454193, 2306507773}  size:  25
SCC:
[2306507773] 0.0
[2129457005] 0.0
[2612019691] 0.0
[2144988246] 0.0
[2893454193] 0.16666666666666666
[2127992686] 0.0
[294455658] 0.0
[2973600085] 0.0
[2111851983] 0.0
[2094422214] 0.0
[2669062722] 0.0
[1859920704] 0.0
[2973424832] 0.0
[2106770748] 0.0
[2011596724] 0.0
[874345256] 0.0
[2154798116] 0.0
[2986420899] 0.0
[2792011807] 0.0
[2974225947] 0.0
[2145994008] 0.0
[38349329] 0.0
[2072577296] 0.0
[2176211339] 0.0
[2884419719] 0.0
total score: 0.16666666666666666

pcc:  {2132417921, 2674924437, 2125049505, 2251653035, 2753930412, 2612490673, 2104581434, 2310191432, 2610591563, 2890648396, 2616930637, 2714251470, 2151234127, 2286237009, 2113462484, 2151813463, 2676708825, 2608693863, 2311260017, 2891556340}  size:  20
SCC:
[2891556340] 0.0
[2311260017] 0.0
[2608693863] 0.0
[2151813463] 0.0
[2113462484] 0.125
[2676708825] 0.0
[2151234127] 0.0
[2714251470] 0.0
[2616930637] 0.0
[2890648396] 0.0
[2610591563] 0.0
[2104581434] 0.0
[2612490673] 0.0
[2753930412] 0.0
[2251653035] 0.0
[2125049505] 0.0
[2674924437] 0.0
[2132417921] 0.0
[2286237009] 0.0625
[2310191432] 0.0
total score: 0.1875

pcc:  {1242681600, 1074317828, 1866971657, 2291982736, 1997316624, 2089389847, 1224594970, 1277157658, 2081690908, 2969322528, 2974387873, 2182042274, 2155324070, 2157530801, 2940205873, 2614198451, 2045336371, 2753585602, 2200356811, 2752721874, 1989062233, 2689840733, 2036027489, 2108281707, 2062477293, 2090135549}  size:  26
SCC:
[2062477293] 0.0
[2108281707] 0.0
[2036027489] 0.0
[2689840733] 0.0
[1989062233] 0.0
[2752721874] 0.0
[2753585602] 0.0
[2940205873] 0.0
[2155324070] 0.0
[2182042274] 0.0
[2974387873] 0.0
[2969322528] 0.0
[1224594970] 0.0
[2081690908, 2090135549] 0.05263157894736842
[1277157658] 0.0
[2089389847] 0.0
[1997316624] 0.0
[2291982736, 2045336371, 2200356811] 0.15789473684210525
[2614198451] 0.0
[2157530801] 0.0
[1866971657] 0.0
[1074317828] 0.0
[1242681600] 0.0
total score: 0.21052631578947367

pcc:  {2144446980, 2169507332, 2264840197, 2146387448, 68675087, 2140989471, 2509220393, 2273707053, 2105864238, 2510025783, 2309141562, 2158996540, 2150454853, 2168129606, 2228228686, 29156430, 285722199, 2083121761, 2023969377, 2500366947, 2948639857, 2226889331, 1213397108, 112182388, 580814456, 1970964601, 2757437565, 2152748675, 332449412, 2217686667, 2085880977, 1980954773, 2679566486, 46470299, 1992851618, 2127138980, 2288574632, 2144112298, 81068725, 2120199875, 2161922758, 2788039881, 2075486410, 76530380, 2028140240, 1984130259, 2169544406, 2037742808, 1973756125, 2785665251, 2130296053, 2226898200, 2230436637, 2058211624, 222680366, 2576568117, 2193519928, 1911282488, 2155697977, 2792399679, 278134592, 2137021762, 2572083017, 2480733002, 2621583694, 2038168928, 2399628797, 2158748514, 2893478262, 1236609927, 2195679122, 1954235802, 2258767774, 1969841055, 2129265593, 2372578746, 1991817147, 1989832124, 2711419841, 2319292354, 2078454212, 2760752072, 2230476236, 2357163472, 2021011417, 2064393185, 2614831073, 2537523171, 2974200298, 2718390253, 2782238196, 1224875509, 2489391096, 1971726845, 2165532159}  size:  95
SCC:
[2399628797] 0.0
[2146387448] 0.0
[1224875509] 0.0
[2782238196] 0.0
[2718390253] 0.0
[2974200298] 0.0
[2614831073] 0.0
[2064393185] 0.0
[2021011417] 0.0
[2230476236] 0.0
[2319292354] 0.0
[2711419841] 0.0
[1991817147] 0.0
[2372578746] 0.0
[2129265593] 0.0
[1969841055] 0.0
[2258767774] 0.0
[1954235802] 0.0
[2195679122] 0.0
[1236609927] 0.0
[2893478262] 0.0
[2038168928] 0.0
[2480733002] 0.0
[2137021762] 0.0
[278134592] 0.0
[2792399679] 0.0
[1911282488] 0.0
[2193519928] 0.0
[222680366] 0.0
[2058211624] 0.0
[2230436637] 0.0
[2226898200] 0.0
[2785665251] 0.0
[1973756125] 0.0
[2037742808] 0.0
[1984130259] 0.0
[2028140240] 0.0
[76530380] 0.0
[2075486410] 0.0
[2788039881] 0.0
[2120199875] 0.0
[81068725] 0.003952569169960474
[2576568117] 0.0
[2144112298] 0.0
[2288574632] 0.0
[2127138980] 0.0
[46470299] 0.0
[2489391096] 0.0
[2679566486] 0.0
[2085880977] 0.0
[2217686667] 0.0
[332449412] 0.0
[2572083017] 0.0
[1980954773] 0.0
[1970964601, 2130296053] 0.03162055335968379
[1989832124] 0.0
[2161922758] 0.0
[580814456] 0.0
[112182388] 0.0
[1213397108] 0.0
[2226889331] 0.0
[2948639857] 0.0
[2500366947] 0.0
[2023969377] 0.0
[2083121761] 0.0
[285722199] 0.0
[29156430] 0.0
[2228228686] 0.0
[2309141562] 0.0
[2510025783] 0.0
[2105864238] 0.0
[2273707053] 0.0
[2509220393] 0.0
[2140989471] 0.0
[68675087] 0.0
[2144446980] 0.0
[2264840197] 0.0
[2169507332, 2168129606, 2152748675, 2169544406, 2155697977, 1971726845, 2078454212, 2537523171] 0.17786561264822134
[2165532159] 0.0
[2760752072] 0.0
[2357163472] 0.0
[2621583694] 0.0
[2158748514] 0.0
[1992851618] 0.0
[2757437565] 0.0
[2150454853] 0.0
[2158996540] 0.0
total score: 0.2134387351778656

pcc:  {2630598020, 2065581447, 2478002057, 2274382861, 2240825229, 2187358098, 2006899475, 2479401495, 2535023388, 2566144541, 2139987358, 1545532702, 2940032417, 2104644771, 2491593252, 2737237284, 2156815140, 2688319911, 51125670, 2939752099, 2235801643, 1627015213, 2896833072, 2469909555, 2807207934, 356182455, 2562467639, 2070795449, 2114334649, 1987930295, 2670361917, 2552275262, 2086225855, 2142518979, 2098401731, 2428694344, 2236192971, 2048342219, 2107452622, 2093895374, 1991389521, 2007120082, 2147974866, 319246674, 1972696923, 2038752609, 700701283, 2970711141, 2057452903, 699740264, 2294082537, 1623800171, 2011487217, 2195097333, 2984260471, 2025175416, 5273470, 2323473535}  size:  58
SCC:
[2323473535] 0.0
[2807207934] 0.0
[2025175416] 0.0
[2984260471] 0.0
[2195097333] 0.0
[2011487217] 0.0
[1623800171] 0.0
[2294082537] 0.0
[2057452903] 0.0
[2970711141] 0.0
[700701283] 0.0
[2038752609] 0.0
[1972696923] 0.0
[319246674] 0.0
[2147974866] 0.0
[1991389521] 0.0
[2107452622] 0.0
[2048342219] 0.0
[2236192971] 0.0
[2428694344] 0.0
[2098401731] 0.0
[2086225855] 0.0
[2552275262] 0.0
[2670361917] 0.0
[1987930295] 0.0
[2562467639] 0.0
[356182455] 0.0
[2469909555] 0.0
[5273470, 2093895374] 0.07407407407407407
[2142518979] 0.0
[2896833072] 0.0
[1627015213] 0.0
[2235801643] 0.0
[2939752099] 0.0
[51125670] 0.0
[2156815140] 0.0
[2491593252] 0.0
[2104644771] 0.0
[2940032417] 0.0
[1545532702] 0.0
[2139987358] 0.0
[2566144541] 0.0
[2535023388] 0.0
[2479401495] 0.018518518518518517
[2006899475] 0.0
[2187358098] 0.0
[2240825229] 0.0
[2274382861] 0.0
[2478002057] 0.0
[2065581447, 2688319911] 0.07407407407407407
[2007120082] 0.0
[2630598020] 0.0
[2737237284] 0.018518518518518517
[699740264] 0.037037037037037035
[2114334649] 0.0
[2070795449] 0.0
total score: 0.2222222222222222

pcc:  {2463741953, 2978693378, 294903043, 2516592133, 2306056197, 2863782536, 2678446345, 2895863185, 2112944148, 2136534804, 2974203157, 2102137111, 2752904989, 2139815839, 2646282146, 2180303268, 2284620333, 2978312238, 2303094063, 2046376243, 2667350581, 259249205, 2124438966, 2069454008, 2674462777, 2642325560, 2697544378, 2149631809, 2128540225, 2139354052, 2143765190, 2171384776, 2142314953, 2778102731, 2136959692, 2246234318, 2105148240, 2159371856, 2113779796, 2420712277, 2234370517, 2516356696, 2669561179, 2155262561, 2659704930, 2160150884, 2611978724, 2099668966, 2670034793, 2278444009, 2421992045, 2112183790, 2435180401, 2121082737, 2163366770, 2127547127, 2919069945, 2505350522, 2224485244, 2021557885}  size:  60
SCC:
[2021557885] 0.0
[2224485244] 0.0
[2505350522] 0.0
[2127547127] 0.0
[2163366770] 0.0
[2121082737] 0.0
[2435180401] 0.0
[2112183790] 0.0
[2421992045] 0.0
[2670034793] 0.0
[2099668966] 0.0
[2611978724] 0.0
[2659704930] 0.0
[2155262561] 0.0
[2669561179] 0.0
[2516356696] 0.0
[2234370517] 0.0
[2420712277] 0.0
[2159371856] 0.0
[2105148240] 0.0
[2246234318] 0.0
[2778102731] 0.0
[2142314953] 0.0
[2171384776] 0.0
[2143765190] 0.0
[2139354052] 0.0
[2149631809] 0.0
[2697544378] 0.0
[2642325560] 0.0
[2674462777] 0.0
[2069454008] 0.0
[2124438966] 0.0
[259249205] 0.0
[2667350581] 0.0
[2046376243] 0.0
[2303094063] 0.0
[2978312238] 0.0
[2284620333] 0.0
[2180303268] 0.0
[2646282146] 0.0
[2139815839] 0.0
[2752904989] 0.0
[2102137111] 0.0
[2974203157] 0.0
[2136534804] 0.0
[2112944148, 2278444009] 0.11428571428571428
[2160150884] 0.0
[2895863185] 0.0
[2678446345] 0.0
[2863782536] 0.0
[2306056197] 0.0
[2516592133] 0.0
[294903043] 0.0
[2978693378] 0.0
[2128540225, 2136959692] 0.11428571428571428
[2919069945] 0.0
[2113779796] 0.0
[2463741953] 0.0
total score: 0.22857142857142856

pcc:  {2133542786, 2132438148, 2770665993, 2667755403, 81544844, 2793550092, 2657980944, 2295286801, 1971310225, 2961594256, 2143858581, 2079160086, 2124449175, 2148452089, 2704958237, 2112439973, 2703803048, 2668667049, 2620518057, 2100755756, 2626056238, 2136434754, 2132649285, 2158770758, 2309175494, 2168598862, 2979904462, 2239159250, 2104418643, 2790033364, 2979897941, 2192020951, 2421153114, 2261180507, 2128754141, 1949616356, 413788007, 2166614894, 2147808238, 2786759023, 2645908468, 2166006133, 2669647861, 2673003253, 2568389241, 2095609082}  size:  46
SCC:
[2095609082] 0.0
[2148452089] 0.0
[2673003253] 0.0
[2166006133] 0.0
[2645908468] 0.0
[2786759023] 0.0
[2147808238] 0.0
[2166614894] 0.0
[413788007] 0.0
[2128754141] 0.0
[2261180507] 0.0
[2979897941] 0.0
[2790033364] 0.0
[2104418643] 0.0
[2239159250] 0.0
[2979904462] 0.0
[2309175494] 0.0
[2132649285] 0.0
[2136434754] 0.0
[2626056238] 0.0
[2100755756] 0.0
[2620518057] 0.0
[2668667049] 0.0
[2421153114] 0.0
[2192020951] 0.0
[2158770758] 0.0
[2112439973] 0.0
[2704958237] 0.0
[2124449175] 0.0
[2079160086, 1949616356, 2568389241] 0.24324324324324326
[2669647861] 0.0
[2168598862] 0.0
[2703803048] 0.0
[2143858581] 0.0
[2961594256] 0.0
[1971310225] 0.0
[2295286801] 0.0
[2657980944] 0.0
[2793550092] 0.0
[81544844] 0.0
[2667755403] 0.0
[2770665993] 0.0
[2132438148] 0.0
[2133542786] 0.0
total score: 0.24324324324324326

pcc:  {2165390784, 2060039618, 1287450821, 2107897798, 113008519, 2095834727, 2279736615, 2404761383, 290274558, 1510370974, 2100116847, 242742739, 1484846328, 2095937625, 1246506075, 2304763422}  size:  16
SCC:
[1510370974] 0.0
[1246506075] 0.0
[2095937625] 0.0
[242742739] 0.0
[2100116847] 0.0
[2404761383] 0.0
[2279736615] 0.0
[2095834727] 0.0
[2304763422] 0.0
[2107897798] 0.0
[1287450821] 0.0
[113008519, 290274558] 0.26666666666666666
[1484846328] 0.0
[2060039618] 0.0
[2165390784] 0.0
total score: 0.26666666666666666

pcc:  {2606047813, 2059048477, 2116903878}  size:  3
SCC:
[2116903878] 0.3333333333333333
[2606047813] 0.0
[2059048477] 0.0
total score: 0.3333333333333333

pcc:  {2156913408, 2109986305, 2137348377, 2770415643, 2800975776, 2171840674, 2919010988, 2265975597, 2170453683, 2137414199, 2787466296, 2172217660, 2225213003, 167516114, 2809388766, 2765279718, 2303468526, 2990541296, 2893674872, 2201945081, 2678133114, 2734419195}  size:  22
SCC:
[2734419195] 0.0
[2990541296] 0.0
[2303468526] 0.0
[2765279718] 0.0
[2809388766] 0.0
[2225213003] 0.0
[2787466296] 0.0
[2137414199] 0.0
[2265975597] 0.0
[2171840674] 0.0
[2800975776] 0.0
[2770415643] 0.0
[2137348377, 2170453683, 2893674872] 0.375
[2678133114] 0.0
[2201945081] 0.0
[167516114] 0.0
[2172217660] 0.0
[2919010988] 0.0
[2109986305] 0.0
[2156913408] 0.0
total score: 0.375

pcc:  {2595303683, 2922897795, 2286954118, 2283364744, 2300598665, 2788511754, 2138469899, 2120727437, 2141870096, 2098767124, 2146064283, 2669937692, 2166472222, 2150008351, 2665071391, 2125087777, 2071998504, 2303825066, 2653310635, 2295486129, 2121069363, 2136475958, 2416496314, 2172450109, 2156726337, 2326700097, 2152823110, 2606576715, 2129419597, 2102340174, 2099541584, 2143408729, 2304786526, 2502580703, 2102216805, 2150154469, 2007797616, 2805883763, 2432556661, 2116811638, 2116717946}  size:  41
SCC:
[2116811638] 0.0
[2805883763] 0.0
[2007797616] 0.0
[2502580703] 0.0
[2304786526] 0.0
[2143408729] 0.0
[2099541584] 0.0
[2102340174] 0.0
[2129419597] 0.0
[2606576715] 0.0
[2152823110] 0.0
[2326700097] 0.0
[2172450109] 0.0
[2416496314] 0.0
[2136475958] 0.0
[2121069363] 0.0
[2295486129] 0.0
[2653310635] 0.0
[2303825066] 0.0
[2071998504] 0.0
[2125087777] 0.0
[2150008351] 0.0
[2665071391] 0.0
[2166472222] 0.0
[2669937692] 0.0
[2098767124] 0.0
[2141870096] 0.0
[2120727437] 0.0
[2146064283, 2150154469, 2432556661, 2116717946] 0.38095238095238093
[2102216805] 0.0
[2156726337] 0.0
[2138469899] 0.0
[2788511754] 0.0
[2300598665] 0.0
[2283364744] 0.0
[2286954118] 0.0
[2922897795] 0.0
[2595303683] 0.0
total score: 0.38095238095238093

pcc:  {2656612738, 2119391874, 2305253506, 2133675653, 2114908038, 2114716943, 2796378770, 2110547101, 2631382431, 2675577123, 2226151461, 2637396645, 2161149221, 2444582312, 2694897578, 2739923759, 2013994038, 2142913207, 2635702585, 2599989055, 2120394816, 2764625983, 2117499587, 2115754563, 2121154886, 2116981583, 2557340752, 2304120530, 2714197075, 1998852580, 2304102128, 2687864434, 2651228025}  size:  33
SCC:
[2651228025] 0.0
[2687864434] 0.0
[2304102128] 0.0
[1998852580] 0.0
[2714197075] 0.0
[2557340752] 0.0
[2121154886] 0.0
[2115754563] 0.0
[2117499587] 0.0
[2764625983] 0.0
[2120394816] 0.0
[2599989055] 0.0
[2635702585] 0.0
[2142913207] 0.0
[2013994038] 0.0
[2739923759] 0.0
[2694897578] 0.0
[2161149221] 0.0
[2226151461] 0.0
[2675577123] 0.0
[2631382431] 0.0
[2110547101] 0.0
[2796378770, 2304120530] 0.4
[2116981583] 0.0
[2444582312] 0.0
[2637396645] 0.0
[2114716943] 0.0
[2114908038] 0.0
[2133675653] 0.0
[2656612738] 0.0
[2305253506] 0.0
[2119391874] 0.0
total score: 0.4

pcc:  {2530972163, 2953368070, 2163470342, 2916255243, 2646329355, 1999536656, 2106866729, 2299437103, 2150813751, 2119564347, 2617328699, 2275853904, 2054682710, 2648045154, 2419996774, 2608506984, 2639260782, 2184381038, 2936217711, 2689882230, 2907377662, 2312077945, 2306900094, 2136632959, 2428571269, 2633795720, 2223163528, 2786860172, 2806021778, 2958999215, 2289308872, 2651163857, 2131585752, 2128616155, 2308378844, 2098147036, 2621082335, 2515562216, 2990873832, 2079150322, 2141729011, 2593217274, 2980864762, 2194702591, 2107803903, 2131974911, 2171932422, 2658314510, 2493535503, 2959698198, 2766192925, 2191573790, 2118003487, 2435795745, 2131084071, 2163830057, 2153170226, 2897493812, 2659730751, 2181331778, 2111317318, 2486321479, 2664185679, 2974289232, 2618462548, 2110542169, 2521906021, 2788252523, 2776399727, 2256830846, 2568784767, 2644755847, 2488838541, 2775994258, 2719544221, 2785462173, 2762446754, 2307711420, 2639933372, 2788907974, 2957313488, 2525533649, 2663206871, 2717155834, 2432833534}  size:  85
SCC:
[2717155834] 0.0
[2663206871] 0.0
[2525533649] 0.0
[2957313488] 0.0
[2788907974] 0.0
[2639933372] 0.0
[2307711420] 0.0
[2762446754] 0.0
[2785462173] 0.0
[2719544221] 0.0
[2775994258] 0.0
[2488838541] 0.0
[2644755847] 0.0
[2568784767] 0.0
[2256830846] 0.0
[2788252523] 0.0
[2521906021] 0.0
[2618462548] 0.0
[2486321479] 0.0
[2111317318] 0.0
[2181331778] 0.0
[2659730751] 0.0
[2897493812] 0.0
[2153170226] 0.0
[2131084071] 0.0
[2435795745] 0.0
[2191573790] 0.0
[2766192925] 0.0
[2959698198] 0.0
[2493535503] 0.0
[2658314510] 0.0
[2171932422] 0.0
[2194702591] 0.0
[2131974911] 0.0
[2980864762] 0.0
[2593217274] 0.0
[2141729011] 0.0
[2079150322] 0.0
[2990873832] 0.0
[2621082335] 0.0
[2098147036] 0.0
[2308378844] 0.0
[2128616155] 0.0
[2651163857] 0.0
[2289308872] 0.0
[2432833534] 0.0
[2958999215] 0.0
[2806021778] 0.0
[2786860172] 0.0
[2223163528] 0.0
[2633795720] 0.0
[2428571269] 0.0
[2136632959] 0.0
[2306900094] 0.0
[2312077945] 0.0
[2689882230] 0.0
[2107803903] 0.0064516129032258064
[2974289232] 0.0
[2664185679] 0.0
[2936217711] 0.0
[2184381038] 0.0
[2639260782] 0.0
[2419996774] 0.0
[2648045154] 0.0
[2054682710] 0.0
[2275853904] 0.0
[2617328699] 0.0
[2150813751] 0.0
[1999536656] 0.0
[2916255243, 2646329355, 2106866729, 2299437103, 2608506984, 2131585752, 2515562216, 2163830057, 2110542169, 2776399727] 0.41935483870967744
[2118003487] 0.0
[2907377662] 0.0
[2119564347] 0.0
[2163470342] 0.0
[2953368070] 0.0
[2530972163] 0.0
total score: 0.42580645161290326

pcc:  {2632670945, 2550077121, 216075398, 2092308615, 200915819, 2148166381, 113165838, 2481588367, 2079098163, 2189485621, 2192965622, 127393751, 2050734970, 254993851, 2973729724}  size:  15
SCC:
[2973729724] 0.0
[2050734970] 0.0
[2189485621] 0.0
[2481588367] 0.0
[113165838] 0.0
[2092308615] 0.0
[216075398, 200915819, 2192965622, 127393751] 0.4444444444444444
[2079098163] 0.0
[2148166381] 0.027777777777777776
[254993851] 0.0
[2550077121] 0.0
[2632670945] 0.0
total score: 0.4722222222222222

pcc:  {2119406083, 110248967, 2948051983, 1996694547, 1505659925, 2158987803, 2310047261, 2636023837, 2982321697, 2067580452, 2191762995, 2182528064, 2148679243, 2778015322, 2944772701, 2901634656, 2886608485, 1683929717, 2947944579, 2268770951, 2314522249, 711491214, 2303091855, 2644468377, 2095597210, 1882226335, 2021218464, 2310472353, 2064825006, 2613968562, 2097855667, 2122726074, 2305796302, 2109241050, 2094020829, 212318434, 2101918435, 1740375789, 2709506286, 2115569417, 2411345163, 1985644814, 2150393614, 2124825873, 2945339168, 338307364, 2168298283, 1246156588, 2432250672, 1948338481, 2076715828, 240551738, 2191181116, 1674748237, 2130938194, 2108295011, 2118858088, 2277234034, 1998267252, 1954383733, 2744818551, 2916494712, 2164963214, 2309753748, 2798283160, 1966358937, 225598367, 2101451679, 2146461601, 2638209447, 2201828777, 2024405932, 2141509037, 2117512622, 2090046896, 2583445937, 2150191547, 2083719104, 2150282183, 1256664030, 2000276447, 713914351, 2111310834}  size:  83
SCC:
[2111310834] 0.0
[713914351] 0.0
[2000276447] 0.0
[2150282183] 0.0
[2083719104] 0.0
[2150191547] 0.0
[2583445937] 0.0
[2141509037] 0.0
[2024405932] 0.0
[2201828777] 0.0
[2638209447] 0.0
[2146461601] 0.0
[225598367] 0.0
[1966358937] 0.0
[2164963214] 0.0
[2916494712] 0.0
[1998267252] 0.0
[2118858088] 0.0
[2108295011] 0.0
[1674748237] 0.0
[2191181116] 0.0
[1246156588] 0.0
[338307364] 0.0
[2945339168] 0.0
[2124825873] 0.0
[1985644814] 0.0
[2101918435] 0.0
[212318434] 0.0
[2109241050] 0.0
[2122726074] 0.0
[2097855667] 0.0
[2064825006] 0.0
[2310472353] 0.0
[2021218464] 0.0
[1882226335] 0.0
[2314522249] 0.0
[2268770951] 0.0
[2947944579] 0.0
[1683929717] 0.0
[2886608485] 0.0
[2901634656] 0.0
[2944772701] 0.0
[2778015322] 0.0
[2182528064] 0.0
[2067580452] 0.0
[2310047261] 0.0
[2636023837] 0.0
[1505659925] 0.0
[2130938194] 0.005050505050505051
[2076715828] 0.0
[2305796302] 0.0
[2982321697] 0.0
[1996694547] 0.0
[2948051983] 0.0
[110248967, 2158987803, 2191762995, 2148679243, 2644468377, 2613968562, 1740375789, 1948338481, 2744818551, 2798283160, 2117512622, 1256664030] 0.35858585858585856
[2101451679] 0.0
[2277234034] 0.0
[2411345163] 0.0
[2709506286] 0.0
[2095597210, 2168298283, 2309753748, 2090046896] 0.12121212121212122
[2303091855] 0.0
[240551738] 0.0
[2432250672] 0.0
[1954383733] 0.0
[2150393614] 0.0
[2094020829] 0.0
[711491214] 0.0
[2115569417] 0.0
[2119406083] 0.0
total score: 0.4848484848484848

pcc:  {86735488, 2152097669, 1989853321, 1973175564, 1960223503, 2138380560, 2182147601, 2801377680, 2236752787, 2030288916, 1216427927, 2013063707, 2100950939, 1988380700, 2058839294, 2139472287, 2569193760, 2009470241, 1831418529, 2759616675, 2434797223, 2503782185, 2469216556, 1870396333, 2609873710, 2306654510, 2151804848, 2740985780, 2351112761, 2012815677, 2974058943, 2974740802, 2158092101, 2621115333, 2503948618, 1982909132, 1933829836, 2102562383, 2068845266, 298026836, 2516130005, 2111311450, 2162525018, 679379806, 2303681378, 1976315876, 32547045, 2051192294, 2491962855, 2648333929, 2310202602, 2110343151, 1963649649, 2934265213, 2802879870, 2129404799}  size:  56
SCC:
[2934265213] 0.0
[1963649649] 0.0
[2110343151] 0.0
[2310202602] 0.0
[2648333929] 0.0
[1976315876] 0.0
[2802879870] 0.0
[679379806] 0.0
[2162525018] 0.0
[2111311450] 0.0
[2102562383] 0.0
[1933829836] 0.0
[2974740802] 0.0
[2974058943] 0.0
[2012815677] 0.0
[2740985780] 0.0
[2306654510] 0.0
[2609873710] 0.0
[2503782185] 0.0
[2759616675] 0.0
[1831418529] 0.0
[2569193760] 0.0
[2469216556, 2151804848, 2129404799] 0.045871559633027525
[2491962855] 0.0
[2516130005] 0.0
[2434797223] 0.0
[2139472287] 0.0
[2100950939] 0.0
[1870396333] 0.0045871559633027525
[2051192294] 0.0045871559633027525
[298026836] 0.0
[2013063707] 0.0
[1216427927] 0.0
[2030288916] 0.0
[2236752787] 0.0
[2801377680] 0.0
[1960223503] 0.0
[1973175564, 2182147601, 1988380700, 2009470241, 2158092101, 2621115333, 2068845266, 2303681378] 0.43577981651376146
[32547045] 0.0
[2503948618] 0.0
[1982909132] 0.0
[2351112761] 0.0
[2138380560] 0.0
[1989853321] 0.0
[2152097669] 0.0
[86735488] 0.0
[2058839294] 0.0045871559633027525
total score: 0.4954128440366973

pcc:  {2922769536, 102659459, 2608279686, 2153843592, 2146418825, 2275174282, 1012037258, 1443938704, 2261438737, 2209915284, 2124068762, 2151258658, 2027806757, 2151224058, 1251069865, 2077013292, 1899241907, 2005967157, 2041782220, 2023528013, 1997866575, 78481487, 60412772, 2974248810, 2584554869, 2182998134, 2168876538}  size:  27
SCC:
[2151224058] 0.0
[2182998134] 0.0
[2584554869] 0.0
[2974248810] 0.0
[60412772] 0.0
[2168876538] 0.0
[78481487] 0.0
[1997866575] 0.0
[2023528013] 0.0
[2041782220] 0.0
[2005967157] 0.0
[1899241907] 0.0
[2077013292] 0.0
[1251069865] 0.0
[2027806757] 0.0
[2151258658] 0.0
[2124068762] 0.0
[2209915284] 0.0
[2261438737] 0.0
[1443938704] 0.0
[1012037258] 0.0
[2275174282] 0.0
[2146418825] 0.0
[2153843592] 0.0
[2608279686] 0.5
[102659459] 0.0
[2922769536] 0.0
total score: 0.5

pcc:  {2931530503, 2624972305, 2691251345, 2916586769, 2974250013, 2809940382, 2146603806, 2635185824, 2675983776, 2540498725, 2101848743, 2121813290, 2963951407, 2136971955, 2592708406, 2170386873, 2157604921, 2142656699, 2751484607, 2897852352, 2165386180, 2342850124, 2114795990, 2143611120, 2749870320, 2434498684, 2574786164, 2580785532}  size:  28
SCC:
[2434498684] 0.0
[2574786164] 0.0
[2749870320] 0.0
[2143611120] 0.0
[2114795990] 0.0
[2342850124] 0.0
[2165386180] 0.0
[2897852352] 0.0
[2751484607] 0.0
[2142656699] 0.0
[2170386873] 0.0
[2580785532] 0.0
[2592708406] 0.0
[2963951407] 0.0
[2121813290] 0.0
[2101848743] 0.0
[2540498725] 0.0
[2675983776] 0.0
[2635185824] 0.0
[2136971955, 2157604921] 0.5
[2809940382] 0.0
[2146603806] 0.0
[2974250013] 0.0
[2624972305] 0.0
[2916586769] 0.0
[2691251345] 0.0
[2931530503] 0.0
total score: 0.5

pcc:  {2069082465, 2571992610, 714796449, 1983354756, 2161839781, 2072077794, 2508149070, 2000097743, 2122818350, 2260995294, 2195818302}  size:  11
SCC:
[2260995294] 0.0
[2195818302] 0.0
[2122818350] 0.0
[2508149070] 0.0
[2072077794] 0.0
[1983354756] 0.0
[2161839781, 2000097743] 0.5
[714796449] 0.0
[2571992610] 0.0
[2069082465] 0.0
total score: 0.5

pcc:  {2152858243, 2785766916, 2143675271, 1244974601, 2154317579, 2241151633, 214878226, 2109410961, 2751928852, 2168024214, 2420693655, 2116128023, 2135458458, 2225372315, 2652146461, 1259251873, 2884182306, 2161348131, 2024911655, 2267075368, 2048719660, 2152671532, 2054844082, 2792248371, 2629861817, 2113952954, 2158893243, 2766205113, 2315179577, 1977634491, 2662218687, 1968948545, 2528984385, 346703939, 1725132105, 1999507273, 2168860362, 2617022538, 2898923852, 2556489938, 2974079445, 2137345622, 2153687383, 2046393814, 2312949851, 2751003100, 2143417181, 2618995423, 2144048996, 2101444581, 2116009706, 1995790827, 2420887148, 2118316780, 2775235949, 2160000370, 260113394, 2721685366, 2974254207}  size:  59
SCC:
[2974254207] 0.0
[2721685366] 0.0
[260113394] 0.0
[2160000370] 0.0
[2775235949] 0.0
[2118316780] 0.0
[1995790827] 0.0
[2116009706] 0.0
[2101444581] 0.0
[2144048996] 0.0
[2618995423] 0.0
[2143417181] 0.0
[2751003100] 0.0
[2312949851] 0.0
[2046393814] 0.0
[2153687383] 0.0
[2137345622] 0.0
[2974079445] 0.0
[2556489938] 0.0
[2898923852] 0.0
[2617022538] 0.0
[1999507273] 0.0
[346703939] 0.0
[2528984385] 0.0
[2662218687] 0.0
[1977634491] 0.0
[2315179577] 0.0
[2766205113] 0.0
[2158893243] 0.0
[2629861817] 0.0
[2792248371] 0.0
[2054844082] 0.0
[2152671532] 0.0
[2267075368] 0.0
[2024911655] 0.0
[2161348131] 0.0
[2884182306] 0.0
[1259251873] 0.0
[2652146461] 0.0
[2225372315] 0.0
[2135458458] 0.0
[2116128023] 0.0
[2168024214] 0.0
[2751928852] 0.0
[2109410961] 0.0
[2154317579] 0.0
[1244974601] 0.0
[2143675271, 2048719660, 1725132105, 2168860362, 2420887148] 0.425531914893617
[2241151633, 1968948545] 0.0851063829787234
[2113952954] 0.0
[2420693655] 0.0
[214878226] 0.0
[2785766916] 0.0
[2152858243] 0.0
total score: 0.5106382978723404

pcc:  {2705896453, 2070910730, 2159286412, 2746379540, 2767885588, 2103353751, 2110632087, 2636486041, 2240045087, 264202680, 2125365310, 2148286161, 2102383831, 2101380955, 2883494880, 2301744481, 2611527651, 2112493156, 2304296946, 2069659252, 2037749237, 2234814582, 1273541113, 2119311098, 2137766011, 2239097853}  size:  26
SCC:
[2137766011] 0.0
[1273541113] 0.0
[2234814582] 0.0
[2037749237] 0.0
[2304296946] 0.0
[2611527651] 0.0
[2301744481] 0.0
[2883494880] 0.0
[2101380955] 0.0
[2102383831] 0.022222222222222223
[2148286161] 0.0
[264202680] 0.0
[2240045087] 0.0
[2767885588] 0.0
[2746379540] 0.0
[2159286412] 0.0
[2070910730, 2110632087, 2125365310, 2119311098, 2239097853] 0.5333333333333333
[2069659252] 0.0
[2112493156] 0.0
[2636486041] 0.0
[2103353751] 0.0
[2705896453] 0.0
total score: 0.5555555555555556

pcc:  {2162955586, 2020729221, 2080649286, 1977227655, 2145810119, 2158227529, 2319678950, 2151398381, 2980941465, 2487847411, 2074170867, 2169112117, 2980899827, 2112147641, 2105505918, 2123402623}  size:  16
SCC:
[2105505918] 0.0
[2980941465] 0.0
[2980899827] 0.0
[2169112117] 0.0
[2074170867] 0.0
[2487847411] 0.0
[2151398381] 0.0
[2319678950] 0.0
[2145810119] 0.0
[1977227655] 0.0
[2080649286] 0.0
[2158227529, 2123402623] 0.6
[2020729221] 0.0
[2112147641] 0.0
[2162955586] 0.0
total score: 0.6

pcc:  {2128184600, 2974646121, 325064459, 2284195277, 2108049364, 141154712, 2973815257, 2809979322, 2154530845, 2165534910, 2110559679}  size:  11
SCC:
[2154530845] 0.0
[2973815257] 0.0
[325064459] 0.0
[2974646121] 0.0
[141154712, 2284195277, 2108049364, 2128184600, 2165534910] 0.6595744680851063
[2110559679] 0.0
[2809979322] 0.0
total score: 0.6595744680851063

pcc:  {2012641024, 2160564353, 2512057741, 2097724689, 2098116627, 2598964116, 1918427156, 1988328990, 2077166881, 2155791777, 2251047074, 2469111333, 1620943014, 2103829928, 1908789546, 2301164714, 1989800237, 1999210365, 2112605232, 2681667249, 2223247411, 2772407477, 2058251574, 2096862781, 2169669566, 2797279167, 2153105600, 414350144, 2124853440, 1967537216, 2109098434, 67480443, 66820806, 2108885708, 2008485966, 2129435983, 1266997330, 114916818, 2320687058, 2100098901, 2578849750, 2129292631, 1982327768, 2120655840, 2105682791, 2226005607, 28193131, 1980421613, 2114004335, 1879637872, 2106994032, 2139111540, 2974091509, 335414518, 2131517558, 1996732661, 56443641, 2706299130, 2266639099, 2767749876, 2167617533}  size:  61
SCC:
[1999210365] 0.0
[2767749876] 0.0
[67480443] 0.0
[2706299130] 0.0
[56443641] 0.0
[1996732661] 0.0
[2131517558] 0.0
[2139111540] 0.0
[2114004335] 0.0
[1980421613] 0.0
[28193131] 0.0
[2226005607] 0.0
[2120655840] 0.0
[2129292631] 0.0
[2578849750] 0.0
[2100098901] 0.0
[2320687058] 0.0
[114916818] 0.0
[1266997330] 0.0
[2129435983] 0.0
[2008485966] 0.0
[2108885708] 0.0
[66820806] 0.0
[2266639099] 0.0
[1967537216] 0.0
[2124853440] 0.0
[2797279167] 0.0
[2169669566] 0.0
[2096862781] 0.0
[2772407477] 0.0
[2223247411] 0.0
[2681667249] 0.0
[2112605232] 0.0
[1989800237] 0.0
[2301164714] 0.0
[1620943014] 0.0
[2469111333] 0.0
[2251047074] 0.0
[2155791777] 0.0
[2077166881] 0.0
[1988328990] 0.0
[1918427156] 0.0
[2598964116] 0.0
[2103829928, 2167617533, 2058251574, 1982327768, 2105682791, 1879637872, 335414518] 0.6635514018691588
[2106994032] 0.0
[2109098434] 0.0
[414350144] 0.0
[2153105600] 0.0
[2974091509] 0.0
[1908789546] 0.0
[2098116627] 0.0
[2097724689] 0.0
[2512057741] 0.0
[2160564353] 0.0
[2012641024] 0.0
total score: 0.6635514018691588

pcc:  {2974371744, 1998331009, 1763392290, 1995330977, 2169082308, 2102642693, 2464999046, 716622119, 2116423816, 2125090889, 2529512750, 2030807056, 2531826390, 1673229304, 1797778585, 2303264154, 2329097980, 2527167101}  size:  18
SCC:
[2527167101] 0.0
[2329097980] 0.0
[2303264154] 0.0
[1797778585] 0.0
[1673229304] 0.0
[2531826390] 0.0
[2529512750] 0.0
[2125090889] 0.0
[2116423816] 0.0
[716622119, 2030807056] 0.6666666666666666
[2464999046] 0.0
[2102642693] 0.0
[2169082308] 0.0
[1763392290] 0.0
[1995330977] 0.0
[1998331009] 0.0
[2974371744] 0.0
total score: 0.6666666666666666

pcc:  {2323410178, 2143514246, 2307493384, 2230335881, 1187850377, 2580806414, 1168736529, 2105763867, 2097884319, 2111078689, 2945468193, 2171527329, 2474642340, 2302816805, 2253496617, 2286841641, 220287659, 1076483373, 2099427892, 2171539510, 2287603129, 2115586749, 2507488702, 2158719935, 2152241216, 2072045247, 2140593224, 2132896331, 1987524171, 2121694290, 2121054036, 2108303192, 2137979226, 2536897499, 2108908250, 2082382046, 2461491937, 2109387874, 2195225068, 2155740526, 2170454382, 2156530421, 2234128381}  size:  43
SCC:
[2234128381] 0.0
[2156530421] 0.0
[2170454382] 0.0
[2155740526] 0.0
[2461491937] 0.0
[2082382046] 0.0
[2108908250] 0.0
[2536897499] 0.0
[2137979226] 0.0
[2108303192] 0.0
[2121054036] 0.0
[2121694290] 0.0
[1987524171] 0.0
[2072045247] 0.0
[2152241216] 0.0
[2158719935] 0.0
[2507488702] 0.0
[2115586749] 0.0
[2287603129] 0.0
[1076483373] 0.0
[2171539510] 0.009708737864077669
[220287659] 0.0
[2286841641] 0.0
[2253496617] 0.0
[2302816805] 0.0
[2474642340] 0.0
[2945468193] 0.0
[2111078689] 0.0
[2097884319, 2099427892, 2140593224, 2132896331, 2109387874, 2195225068] 0.8058252427184466
[2171527329] 0.0
[2105763867] 0.0
[1168736529] 0.0
[2580806414] 0.0
[1187850377] 0.0
[2230335881] 0.0
[2307493384] 0.0
[2143514246] 0.0
[2323410178] 0.0
total score: 0.8155339805825242

pcc:  {2609004928, 2914900864, 2090845954, 2163432323, 2230955268, 2002991493, 2488846090, 2093693836, 2291007117, 2768877836, 2928910476, 2106621716, 2653258903, 2131891224, 2616984730, 2273793436, 2769622812, 2486225822, 2974491168, 2806516902, 2159840174, 2097766447, 2786222638, 2671866418, 2703567027, 2779315381, 1991881270, 2137621302, 2504393278, 2130419392, 2694901186, 2424839621, 2113724362, 2896925261, 2912501071, 2917341782, 2913687130, 2603796443, 2677411677, 2512295138, 2206421606, 2438516713, 2970934634, 2303706220, 2138034163, 2477261816, 2108695420, 2619218813}  size:  48
SCC:
[2619218813] 0.0
[2108695420] 0.0
[2477261816] 0.0
[2138034163] 0.0
[2303706220] 0.0
[2970934634] 0.0
[2438516713] 0.0
[2206421606] 0.0
[2512295138] 0.0
[2677411677] 0.0
[2603796443] 0.0
[2913687130] 0.0
[2917341782] 0.0
[2912501071] 0.0
[2896925261] 0.0
[2113724362] 0.0
[2424839621] 0.0
[2694901186] 0.0
[2130419392] 0.0
[2504393278] 0.0
[2137621302] 0.0
[1991881270] 0.0
[2779315381] 0.0
[2703567027] 0.0
[2671866418] 0.0
[2786222638] 0.0
[2159840174] 0.0
[2806516902] 0.0
[2974491168] 0.0
[2486225822] 0.0
[2273793436] 0.0
[2769622812] 0.0
[2616984730] 0.0
[2131891224] 0.0
[2653258903] 0.0
[2106621716] 0.0
[2928910476] 0.0
[2768877836] 0.0
[2291007117, 2097766447] 1.0
[2093693836] 0.0
[2488846090] 0.0
[2002991493] 0.0
[2230955268] 0.0
[2163432323] 0.0
[2090845954] 0.0
[2914900864] 0.0
[2609004928] 0.0
total score: 1.0

